Subj Seed Prop Blk Trl SetSize Lag key keyIdx CorrResp ACC RT
5 12336 3 1 1 5 2 J 1 1 1 1295 
5 12336 3 1 2 5 2 J 1 1 1 874 
5 12336 3 1 3 5 1 F 0 0 1 923 
5 12336 3 1 4 8 1 F 0 0 1 1085 
5 12336 3 1 5 5 2 J 1 1 1 1211 
5 12336 3 1 6 2 1 F 0 0 1 1760 
5 12336 3 1 7 5 2 F 0 1 0 685 
5 12336 3 1 8 5 1 F 0 0 1 973 
5 12336 3 1 9 2 1 F 0 0 1 1303 
5 12336 3 1 10 5 1 F 0 0 1 1271 
5 12336 3 1 11 8 1 J 1 0 0 1306 
5 12336 3 1 12 2 1 F 0 0 1 1199 
5 12336 3 1 13 5 1 F 0 0 1 1267 
5 12336 3 1 14 2 1 F 0 0 1 909 
5 12336 3 1 15 5 1 F 0 0 1 843 
5 12336 3 1 16 8 2 F 0 1 0 918 
5 12336 3 1 17 5 1 F 0 0 1 1188 
5 12336 3 1 18 8 2 J 1 1 1 1690 
5 12336 3 1 19 8 1 F 0 0 1 1223 
5 12336 3 1 20 8 2 J 1 1 1 1225 
5 12336 3 1 21 5 1 F 0 0 1 1381 
5 12336 3 1 22 8 1 F 0 0 1 1532 
5 12336 3 1 23 5 1 F 0 0 1 1139 
5 12336 3 1 24 2 2 J 1 1 1 1135 
5 12336 3 1 25 8 1 F 0 0 1 2353 
5 12336 3 1 26 2 1 F 0 0 1 1176 
5 12336 3 1 27 2 2 J 1 1 1 1190 
5 12336 3 1 28 2 1 F 0 0 1 1301 
5 12336 3 1 29 2 1 F 0 0 1 936 
5 12336 3 1 30 2 2 J 1 1 1 1032 
5 12336 3 1 31 5 1 F 0 0 1 1178 
5 12336 3 1 32 8 1 F 0 0 1 1565 
5 12336 3 1 33 8 1 F 0 0 1 936 
5 12336 3 1 34 2 2 J 1 1 1 832 
5 12336 3 1 35 5 2 J 1 1 1 977 
5 12336 3 1 36 2 1 F 0 0 1 1192 
5 12336 3 1 37 2 2 J 1 1 1 1253 
5 12336 3 1 38 8 2 F 0 1 0 2606 
5 12336 3 1 39 2 2 J 1 1 1 798 
5 12336 3 1 40 8 1 F 0 0 1 1372 
5 12336 3 1 41 8 1 F 0 0 1 1193 
5 12336 3 1 42 5 1 F 0 0 1 1362 
5 12336 3 1 43 8 1 F 0 0 1 1151 
5 12336 3 1 44 5 1 F 0 0 1 1403 
5 12336 3 1 45 5 1 F 0 0 1 917 
5 12336 3 1 46 2 1 F 0 0 1 661 
5 12336 3 1 47 8 1 F 0 0 1 1037 
5 12336 3 1 48 2 1 F 0 0 1 862 
5 12336 3 1 49 2 1 F 0 0 1 1165 
5 12336 3 1 50 8 2 J 1 1 1 920 
5 12336 3 1 51 5 2 J 1 1 1 868 
5 12336 3 1 52 8 1 F 0 0 1 2799 
5 12336 3 1 53 2 1 F 0 0 1 815 
5 12336 3 1 54 8 1 F 0 0 1 1117 
5 12336 3 1 55 5 1 F 0 0 1 999 
5 12336 3 1 56 2 1 F 0 0 1 1334 
5 12336 3 1 57 8 1 F 0 0 1 878 
5 12336 3 1 58 8 2 J 1 1 1 907 
5 12336 3 1 59 2 1 F 0 0 1 744 
5 12336 3 1 60 5 1 F 0 0 1 724 
5 12336 1 2 1 8 1 F 0 0 1 1063 
5 12336 1 2 2 5 2 J 1 1 1 470 
5 12336 1 2 3 2 2 J 1 1 1 712 
5 12336 1 2 4 2 2 J 1 1 1 535 
5 12336 1 2 5 8 1 F 0 0 1 757 
5 12336 1 2 6 8 1 F 0 0 1 824 
5 12336 1 2 7 2 1 F 0 0 1 763 
5 12336 1 2 8 8 2 F 0 1 0 689 
5 12336 1 2 9 2 1 F 0 0 1 817 
5 12336 1 2 10 2 2 J 1 1 1 574 
5 12336 1 2 11 8 2 F 0 1 0 831 
5 12336 1 2 12 8 1 F 0 0 1 784 
5 12336 1 2 13 5 1 F 0 0 1 878 
5 12336 1 2 14 8 2 J 1 1 1 515 
5 12336 1 2 15 8 2 J 1 1 1 593 
5 12336 1 2 16 2 1 F 0 0 1 503 
5 12336 1 2 17 2 1 F 0 0 1 752 
5 12336 1 2 18 8 2 J 1 1 1 1074 
5 12336 1 2 19 5 2 J 1 1 1 565 
5 12336 1 2 20 8 2 J 1 1 1 472 
5 12336 1 2 21 2 2 J 1 1 1 518 
5 12336 1 2 22 2 2 J 1 1 1 457 
5 12336 1 2 23 5 2 J 1 1 1 772 
5 12336 1 2 24 8 2 J 1 1 1 530 
5 12336 1 2 25 8 2 J 1 1 1 817 
5 12336 1 2 26 5 2 F 0 1 0 1147 
5 12336 1 2 27 8 2 J 1 1 1 583 
5 12336 1 2 28 2 2 J 1 1 1 673 
5 12336 1 2 29 8 2 J 1 1 1 649 
5 12336 1 2 30 8 2 J 1 1 1 768 
5 12336 1 2 31 5 1 F 0 0 1 1723 
5 12336 1 2 32 5 2 J 1 1 1 674 
5 12336 1 2 33 2 2 J 1 1 1 495 
5 12336 1 2 34 8 2 J 1 1 1 702 
5 12336 1 2 35 2 2 J 1 1 1 848 
5 12336 1 2 36 2 2 J 1 1 1 992 
5 12336 1 2 37 8 2 J 1 1 1 672 
5 12336 1 2 38 5 1 F 0 0 1 765 
5 12336 1 2 39 2 1 F 0 0 1 838 
5 12336 1 2 40 8 1 F 0 0 1 1264 
5 12336 1 2 41 5 2 J 1 1 1 620 
5 12336 1 2 42 5 1 F 0 0 1 795 
5 12336 1 2 43 5 2 J 1 1 1 662 
5 12336 1 2 44 2 1 F 0 0 1 894 
5 12336 1 2 45 2 2 J 1 1 1 670 
5 12336 1 2 46 2 2 J 1 1 1 647 
5 12336 1 2 47 5 2 J 1 1 1 756 
5 12336 1 2 48 5 2 J 1 1 1 602 
5 12336 1 2 49 5 1 F 0 0 1 913 
5 12336 1 2 50 8 2 J 1 1 1 695 
5 12336 1 2 51 5 1 F 0 0 1 953 
5 12336 1 2 52 5 2 F 0 1 0 690 
5 12336 1 2 53 8 1 F 0 0 1 683 
5 12336 1 2 54 5 2 J 1 1 1 593 
5 12336 1 2 55 2 2 J 1 1 1 863 
5 12336 1 2 56 5 2 J 1 1 1 893 
5 12336 1 2 57 5 2 J 1 1 1 514 
5 12336 1 2 58 2 2 J 1 1 1 1013 
5 12336 1 2 59 2 2 J 1 1 1 655 
5 12336 1 2 60 5 2 J 1 1 1 650 
5 12336 4 3 1 8 1 F 0 0 1 983 
5 12336 4 3 2 5 1 F 0 0 1 749 
5 12336 4 3 3 5 1 J 1 0 0 1190 
5 12336 4 3 4 2 2 J 1 1 1 590 
5 12336 4 3 5 5 1 F 0 0 1 666 
5 12336 4 3 6 2 1 F 0 0 1 712 
5 12336 4 3 7 8 1 F 0 0 1 774 
5 12336 4 3 8 2 1 F 0 0 1 968 
5 12336 4 3 9 8 1 F 0 0 1 775 
5 12336 4 3 10 5 1 F 0 0 1 637 
5 12336 4 3 11 2 1 F 0 0 1 388 
5 12336 4 3 12 2 1 F 0 0 1 543 
5 12336 4 3 13 5 1 F 0 0 1 587 
5 12336 4 3 14 2 1 F 0 0 1 886 
5 12336 4 3 15 5 1 F 0 0 1 739 
5 12336 4 3 16 2 2 J 1 1 1 990 
5 12336 4 3 17 5 2 J 1 1 1 698 
5 12336 4 3 18 8 1 F 0 0 1 658 
5 12336 4 3 19 8 1 F 0 0 1 833 
5 12336 4 3 20 8 1 J 1 0 0 720 
5 12336 4 3 21 2 1 F 0 0 1 1104 
5 12336 4 3 22 5 1 F 0 0 1 977 
5 12336 4 3 23 5 1 F 0 0 1 681 
5 12336 4 3 24 8 1 J 1 0 0 737 
5 12336 4 3 25 2 1 F 0 0 1 590 
5 12336 4 3 26 8 1 F 0 0 1 1264 
5 12336 4 3 27 5 1 F 0 0 1 539 
5 12336 4 3 28 8 1 F 0 0 1 680 
5 12336 4 3 29 5 1 F 0 0 1 700 
5 12336 4 3 30 8 2 J 1 1 1 873 
5 12336 4 3 31 5 2 J 1 1 1 706 
5 12336 4 3 32 2 1 F 0 0 1 856 
5 12336 4 3 33 8 1 F 0 0 1 677 
5 12336 4 3 34 8 1 F 0 0 1 632 
5 12336 4 3 35 8 2 F 0 1 0 660 
5 12336 4 3 36 8 1 F 0 0 1 1111 
5 12336 4 3 37 2 1 F 0 0 1 519 
5 12336 4 3 38 5 1 F 0 0 1 639 
5 12336 4 3 39 8 1 F 0 0 1 1048 
5 12336 4 3 40 8 2 F 0 1 0 944 
5 12336 4 3 41 2 1 F 0 0 1 671 
5 12336 4 3 42 5 1 F 0 0 1 602 
5 12336 4 3 43 5 2 J 1 1 1 834 
5 12336 4 3 44 2 2 J 1 1 1 928 
5 12336 4 3 45 5 1 F 0 0 1 724 
5 12336 4 3 46 8 1 F 0 0 1 718 
5 12336 4 3 47 8 1 F 0 0 1 716 
5 12336 4 3 48 2 1 F 0 0 1 815 
5 12336 4 3 49 5 1 F 0 0 1 801 
5 12336 4 3 50 2 1 J 1 0 0 1055 
5 12336 4 3 51 2 1 F 0 0 1 782 
5 12336 4 3 52 5 1 F 0 0 1 657 
5 12336 4 3 53 2 1 F 0 0 1 757 
5 12336 4 3 54 5 1 F 0 0 1 624 
5 12336 4 3 55 2 1 F 0 0 1 1324 
5 12336 4 3 56 2 1 F 0 0 1 607 
5 12336 4 3 57 8 1 F 0 0 1 847 
5 12336 4 3 58 8 1 F 0 0 1 848 
5 12336 4 3 59 2 1 F 0 0 1 743 
5 12336 4 3 60 5 1 F 0 0 1 612 
5 12336 2 4 1 2 1 F 0 0 1 644 
5 12336 2 4 2 8 1 F 0 0 1 759 
5 12336 2 4 3 5 2 F 0 1 0 499 
5 12336 2 4 4 8 1 F 0 0 1 827 
5 12336 2 4 5 5 1 J 1 0 0 550 
5 12336 2 4 6 8 2 J 1 1 1 1609 
5 12336 2 4 7 5 2 J 1 1 1 861 
5 12336 2 4 8 5 1 F 0 0 1 938 
5 12336 2 4 9 2 1 F 0 0 1 590 
5 12336 2 4 10 5 2 J 1 1 1 722 
5 12336 2 4 11 8 2 J 1 1 1 615 
5 12336 2 4 12 8 2 F 0 1 0 800 
5 12336 2 4 13 8 2 J 1 1 1 912 
5 12336 2 4 14 5 2 F 0 1 0 788 
5 12336 2 4 15 2 2 J 1 1 1 623 
5 12336 2 4 16 2 1 F 0 0 1 735 
5 12336 2 4 17 2 2 J 1 1 1 760 
5 12336 2 4 18 5 1 F 0 0 1 794 
5 12336 2 4 19 2 1 F 0 0 1 903 
5 12336 2 4 20 8 2 F 0 1 0 901 
5 12336 2 4 21 5 1 F 0 0 1 779 
5 12336 2 4 22 8 1 F 0 0 1 875 
5 12336 2 4 23 8 2 F 0 1 0 710 
5 12336 2 4 24 2 2 J 1 1 1 695 
5 12336 2 4 25 5 2 J 1 1 1 738 
5 12336 2 4 26 5 1 F 0 0 1 852 
5 12336 2 4 27 2 2 J 1 1 1 617 
5 12336 2 4 28 5 2 J 1 1 1 746 
5 12336 2 4 29 5 1 F 0 0 1 712 
5 12336 2 4 30 8 2 F 0 1 0 700 
5 12336 2 4 31 2 1 F 0 0 1 694 
5 12336 2 4 32 5 1 F 0 0 1 866 
5 12336 2 4 33 8 2 F 0 1 0 1539 
5 12336 2 4 34 5 2 J 1 1 1 694 
5 12336 2 4 35 8 1 F 0 0 1 751 
5 12336 2 4 36 2 1 F 0 0 1 543 
5 12336 2 4 37 2 2 J 1 1 1 983 
5 12336 2 4 38 5 2 J 1 1 1 715 
5 12336 2 4 39 8 2 J 1 1 1 855 
5 12336 2 4 40 8 1 F 0 0 1 751 
5 12336 2 4 41 5 1 F 0 0 1 620 
5 12336 2 4 42 8 2 J 1 1 1 673 
5 12336 2 4 43 8 1 F 0 0 1 687 
5 12336 2 4 44 5 1 F 0 0 1 644 
5 12336 2 4 45 2 1 F 0 0 1 662 
5 12336 2 4 46 5 2 J 1 1 1 757 
5 12336 2 4 47 5 1 J 1 0 0 662 
5 12336 2 4 48 8 1 F 0 0 1 832 
5 12336 2 4 49 2 1 F 0 0 1 734 
5 12336 2 4 50 2 2 J 1 1 1 806 
5 12336 2 4 51 2 1 F 0 0 1 606 
5 12336 2 4 52 8 1 F 0 0 1 742 
5 12336 2 4 53 2 2 J 1 1 1 671 
5 12336 2 4 54 2 1 F 0 0 1 729 
5 12336 2 4 55 2 2 J 1 1 1 507 
5 12336 2 4 56 2 2 J 1 1 1 614 
5 12336 2 4 57 5 2 J 1 1 1 715 
5 12336 2 4 58 2 2 J 1 1 1 671 
5 12336 2 4 59 8 1 F 0 0 1 599 
5 12336 2 4 60 8 1 F 0 0 1 974 
5 12336 0 5 1 5 2 J 1 1 1 1749 
5 12336 0 5 2 2 2 J 1 1 1 630 
5 12336 0 5 3 2 2 J 1 1 1 415 
5 12336 0 5 4 8 2 J 1 1 1 651 
5 12336 0 5 5 2 2 J 1 1 1 417 
5 12336 0 5 6 2 2 J 1 1 1 455 
5 12336 0 5 7 8 2 F 0 1 0 1075 
5 12336 0 5 8 8 2 J 1 1 1 504 
5 12336 0 5 9 2 2 J 1 1 1 399 
5 12336 0 5 10 5 2 J 1 1 1 618 
5 12336 0 5 11 8 2 F 0 1 0 1350 
5 12336 0 5 12 5 2 J 1 1 1 429 
5 12336 0 5 13 2 2 J 1 1 1 406 
5 12336 0 5 14 2 2 J 1 1 1 376 
5 12336 0 5 15 8 2 J 1 1 1 430 
5 12336 0 5 16 2 2 J 1 1 1 399 
5 12336 0 5 17 5 2 J 1 1 1 510 
5 12336 0 5 18 8 1 J 1 0 0 631 
5 12336 0 5 19 8 2 J 1 1 1 504 
5 12336 0 5 20 8 2 J 1 1 1 1026 
5 12336 0 5 21 2 2 J 1 1 1 450 
5 12336 0 5 22 8 2 J 1 1 1 496 
5 12336 0 5 23 5 1 F 0 0 1 1084 
5 12336 0 5 24 2 2 J 1 1 1 615 
5 12336 0 5 25 5 2 J 1 1 1 579 
5 12336 0 5 26 5 2 J 1 1 1 1030 
5 12336 0 5 27 5 2 J 1 1 1 603 
5 12336 0 5 28 2 2 J 1 1 1 519 
5 12336 0 5 29 5 1 F 0 0 1 731 
5 12336 0 5 30 2 1 F 0 0 1 638 
5 12336 0 5 31 5 2 J 1 1 1 387 
5 12336 0 5 32 5 2 J 1 1 1 629 
5 12336 0 5 33 5 1 F 0 0 1 883 
5 12336 0 5 34 2 1 F 0 0 1 789 
5 12336 0 5 35 8 2 F 0 1 0 831 
5 12336 0 5 36 2 2 J 1 1 1 416 
5 12336 0 5 37 2 2 J 1 1 1 433 
5 12336 0 5 38 8 2 F 0 1 0 1350 
5 12336 0 5 39 5 2 J 1 1 1 775 
5 12336 0 5 40 8 2 J 1 1 1 612 
5 12336 0 5 41 8 2 J 1 1 1 608 
5 12336 0 5 42 8 2 J 1 1 1 636 
5 12336 0 5 43 2 2 J 1 1 1 560 
5 12336 0 5 44 2 2 J 1 1 1 526 
5 12336 0 5 45 5 2 J 1 1 1 635 
5 12336 0 5 46 5 2 J 1 1 1 1518 
5 12336 0 5 47 8 1 J 1 0 0 647 
5 12336 0 5 48 5 2 J 1 1 1 731 
5 12336 0 5 49 2 1 F 0 0 1 583 
5 12336 0 5 50 8 2 F 0 1 0 1657 
5 12336 0 5 51 5 2 J 1 1 1 892 
5 12336 0 5 52 5 2 J 1 1 1 565 
5 12336 0 5 53 5 2 J 1 1 1 470 
5 12336 0 5 54 2 2 J 1 1 1 608 
5 12336 0 5 55 8 2 J 1 1 1 502 
5 12336 0 5 56 8 2 J 1 1 1 455 
5 12336 0 5 57 2 2 J 1 1 1 486 
5 12336 0 5 58 5 2 F 0 1 0 858 
5 12336 0 5 59 8 2 J 1 1 1 911 
5 12336 0 5 60 8 1 F 0 0 1 761 
5 12336 4 6 1 5 2 J 1 1 1 687 
5 12336 4 6 2 8 1 F 0 0 1 642 
5 12336 4 6 3 2 1 F 0 0 1 903 
5 12336 4 6 4 2 1 F 0 0 1 695 
5 12336 4 6 5 8 1 F 0 0 1 511 
5 12336 4 6 6 2 1 F 0 0 1 495 
5 12336 4 6 7 5 2 F 0 1 0 1137 
5 12336 4 6 8 8 1 J 1 0 0 896 
5 12336 4 6 9 5 1 F 0 0 1 1678 
5 12336 4 6 10 8 1 F 0 0 1 793 
5 12336 4 6 11 8 1 F 0 0 1 426 
5 12336 4 6 12 5 1 F 0 0 1 780 
5 12336 4 6 13 2 1 F 0 0 1 519 
5 12336 4 6 14 2 2 J 1 1 1 807 
5 12336 4 6 15 2 2 J 1 1 1 889 
5 12336 4 6 16 2 1 F 0 0 1 557 
5 12336 4 6 17 5 1 F 0 0 1 578 
5 12336 4 6 18 8 2 J 1 1 1 911 
5 12336 4 6 19 5 1 F 0 0 1 752 
5 12336 4 6 20 8 1 F 0 0 1 696 
5 12336 4 6 21 8 1 F 0 0 1 746 
5 12336 4 6 22 5 1 F 0 0 1 1132 
5 12336 4 6 23 8 1 F 0 0 1 704 
5 12336 4 6 24 2 1 F 0 0 1 672 
5 12336 4 6 25 5 1 F 0 0 1 998 
5 12336 4 6 26 5 1 F 0 0 1 690 
5 12336 4 6 27 8 2 J 1 1 1 776 
5 12336 4 6 28 5 1 F 0 0 1 594 
5 12336 4 6 29 2 2 J 1 1 1 688 
5 12336 4 6 30 5 1 F 0 0 1 762 
5 12336 4 6 31 5 1 F 0 0 1 1305 
5 12336 4 6 32 8 1 F 0 0 1 1352 
5 12336 4 6 33 8 1 F 0 0 1 679 
5 12336 4 6 34 2 1 F 0 0 1 432 
5 12336 4 6 35 5 1 F 0 0 1 605 
5 12336 4 6 36 8 1 F 0 0 1 767 
5 12336 4 6 37 5 1 F 0 0 1 750 
5 12336 4 6 38 8 1 F 0 0 1 640 
5 12336 4 6 39 2 1 F 0 0 1 572 
5 12336 4 6 40 5 1 F 0 0 1 707 
5 12336 4 6 41 8 1 F 0 0 1 632 
5 12336 4 6 42 5 1 F 0 0 1 1178 
5 12336 4 6 43 2 1 F 0 0 1 605 
5 12336 4 6 44 5 1 F 0 0 1 651 
5 12336 4 6 45 2 1 F 0 0 1 663 
5 12336 4 6 46 8 1 F 0 0 1 566 
5 12336 4 6 47 2 1 F 0 0 1 622 
5 12336 4 6 48 5 1 J 1 0 0 427 
5 12336 4 6 49 2 1 F 0 0 1 608 
5 12336 4 6 50 2 1 F 0 0 1 597 
5 12336 4 6 51 2 1 F 0 0 1 613 
5 12336 4 6 52 8 2 F 0 1 0 1022 
5 12336 4 6 53 2 1 F 0 0 1 728 
5 12336 4 6 54 5 1 F 0 0 1 578 
5 12336 4 6 55 8 1 F 0 0 1 544 
5 12336 4 6 56 2 1 F 0 0 1 559 
5 12336 4 6 57 8 1 F 0 0 1 697 
5 12336 4 6 58 5 2 J 1 1 1 483 
5 12336 4 6 59 2 1 F 0 0 1 479 
5 12336 4 6 60 8 1 F 0 0 1 750 
5 12336 3 7 1 5 1 F 0 0 1 678 
5 12336 3 7 2 2 2 J 1 1 1 600 
5 12336 3 7 3 5 1 F 0 0 1 539 
5 12336 3 7 4 8 1 F 0 0 1 638 
5 12336 3 7 5 8 1 F 0 0 1 672 
5 12336 3 7 6 5 2 F 0 1 0 821 
5 12336 3 7 7 8 1 F 0 0 1 598 
5 12336 3 7 8 8 1 F 0 0 1 1072 
5 12336 3 7 9 5 1 F 0 0 1 564 
5 12336 3 7 10 2 1 F 0 0 1 423 
5 12336 3 7 11 5 1 F 0 0 1 509 
5 12336 3 7 12 8 1 F 0 0 1 686 
5 12336 3 7 13 2 1 F 0 0 1 1015 
5 12336 3 7 14 2 1 F 0 0 1 742 
5 12336 3 7 15 2 1 F 0 0 1 494 
5 12336 3 7 16 8 2 J 1 1 1 716 
5 12336 3 7 17 8 2 F 0 1 0 720 
5 12336 3 7 18 5 1 F 0 0 1 579 
5 12336 3 7 19 2 2 J 1 1 1 694 
5 12336 3 7 20 2 1 F 0 0 1 408 
5 12336 3 7 21 2 1 F 0 0 1 512 
5 12336 3 7 22 8 1 F 0 0 1 630 
5 12336 3 7 23 2 1 F 0 0 1 440 
5 12336 3 7 24 2 1 F 0 0 1 518 
5 12336 3 7 25 2 2 J 1 1 1 621 
5 12336 3 7 26 5 1 F 0 0 1 626 
5 12336 3 7 27 2 1 F 0 0 1 558 
5 12336 3 7 28 8 2 F 0 1 0 721 
5 12336 3 7 29 5 2 J 1 1 1 577 
5 12336 3 7 30 5 1 F 0 0 1 557 
5 12336 3 7 31 8 2 F 0 1 0 1008 
5 12336 3 7 32 5 1 J 1 0 0 570 
5 12336 3 7 33 5 2 J 1 1 1 706 
5 12336 3 7 34 2 1 F 0 0 1 472 
5 12336 3 7 35 8 1 F 0 0 1 789 
5 12336 3 7 36 8 1 F 0 0 1 738 
5 12336 3 7 37 5 2 J 1 1 1 941 
5 12336 3 7 38 5 1 F 0 0 1 605 
5 12336 3 7 39 5 2 J 1 1 1 700 
5 12336 3 7 40 5 1 F 0 0 1 580 
5 12336 3 7 41 5 1 F 0 0 1 595 
5 12336 3 7 42 8 1 F 0 0 1 1064 
5 12336 3 7 43 8 1 F 0 0 1 841 
5 12336 3 7 44 2 1 F 0 0 1 687 
5 12336 3 7 45 2 1 F 0 0 1 552 
5 12336 3 7 46 2 2 J 1 1 1 936 
5 12336 3 7 47 5 1 F 0 0 1 643 
5 12336 3 7 48 8 2 J 1 1 1 936 
5 12336 3 7 49 5 1 F 0 0 1 570 
5 12336 3 7 50 8 1 F 0 0 1 847 
5 12336 3 7 51 5 1 F 0 0 1 549 
5 12336 3 7 52 8 1 F 0 0 1 720 
5 12336 3 7 53 8 2 F 0 1 0 795 
5 12336 3 7 54 5 2 J 1 1 1 581 
5 12336 3 7 55 8 1 F 0 0 1 633 
5 12336 3 7 56 2 2 J 1 1 1 752 
5 12336 3 7 57 8 1 F 0 0 1 624 
5 12336 3 7 58 2 1 F 0 0 1 612 
5 12336 3 7 59 2 2 J 1 1 1 913 
5 12336 3 7 60 2 1 F 0 0 1 742 
5 12336 1 8 1 8 2 J 1 1 1 670 
5 12336 1 8 2 2 2 J 1 1 1 557 
5 12336 1 8 3 5 2 J 1 1 1 475 
5 12336 1 8 4 2 2 J 1 1 1 445 
5 12336 1 8 5 2 1 F 0 0 1 446 
5 12336 1 8 6 2 1 F 0 0 1 765 
5 12336 1 8 7 5 1 F 0 0 1 586 
5 12336 1 8 8 5 1 F 0 0 1 578 
5 12336 1 8 9 2 2 J 1 1 1 990 
5 12336 1 8 10 8 1 F 0 0 1 757 
5 12336 1 8 11 8 2 J 1 1 1 942 
5 12336 1 8 12 8 2 J 1 1 1 619 
5 12336 1 8 13 2 2 J 1 1 1 566 
5 12336 1 8 14 8 2 J 1 1 1 510 
5 12336 1 8 15 2 1 F 0 0 1 601 
5 12336 1 8 16 2 2 J 1 1 1 478 
5 12336 1 8 17 8 2 J 1 1 1 735 
5 12336 1 8 18 5 2 J 1 1 1 653 
5 12336 1 8 19 2 2 J 1 1 1 588 
5 12336 1 8 20 2 1 F 0 0 1 773 
5 12336 1 8 21 2 2 J 1 1 1 505 
5 12336 1 8 22 8 2 F 0 1 0 630 
5 12336 1 8 23 8 1 J 1 0 0 1112 
5 12336 1 8 24 5 1 F 0 0 1 717 
5 12336 1 8 25 5 2 J 1 1 1 634 
5 12336 1 8 26 8 2 J 1 1 1 921 
5 12336 1 8 27 8 2 J 1 1 1 801 
5 12336 1 8 28 8 1 F 0 0 1 914 
5 12336 1 8 29 5 2 J 1 1 1 701 
5 12336 1 8 30 5 2 J 1 1 1 843 
5 12336 1 8 31 5 1 F 0 0 1 634 
5 12336 1 8 32 2 2 J 1 1 1 670 
5 12336 1 8 33 5 2 J 1 1 1 650 
5 12336 1 8 34 5 1 F 0 0 1 531 
5 12336 1 8 35 5 2 J 1 1 1 733 
5 12336 1 8 36 2 2 J 1 1 1 697 
5 12336 1 8 37 8 2 J 1 1 1 1288 
5 12336 1 8 38 8 2 J 1 1 1 528 
5 12336 1 8 39 8 1 F 0 0 1 721 
5 12336 1 8 40 2 2 J 1 1 1 533 
5 12336 1 8 41 2 2 J 1 1 1 624 
5 12336 1 8 42 5 2 J 1 1 1 988 
5 12336 1 8 43 5 2 J 1 1 1 530 
5 12336 1 8 44 5 2 J 1 1 1 731 
5 12336 1 8 45 2 2 J 1 1 1 674 
5 12336 1 8 46 8 2 J 1 1 1 611 
5 12336 1 8 47 5 2 J 1 1 1 666 
5 12336 1 8 48 8 2 J 1 1 1 1136 
5 12336 1 8 49 5 2 F 0 1 0 940 
5 12336 1 8 50 8 2 F 0 1 0 959 
5 12336 1 8 51 2 1 F 0 0 1 558 
5 12336 1 8 52 5 2 J 1 1 1 956 
5 12336 1 8 53 5 2 J 1 1 1 476 
5 12336 1 8 54 8 1 F 0 0 1 703 
5 12336 1 8 55 8 1 J 1 0 0 1247 
5 12336 1 8 56 2 2 J 1 1 1 727 
5 12336 1 8 57 2 2 J 1 1 1 621 
5 12336 1 8 58 5 1 F 0 0 1 594 
5 12336 1 8 59 2 1 F 0 0 1 935 
5 12336 1 8 60 8 2 J 1 1 1 718 
5 12336 2 9 1 8 2 J 1 1 1 1278 
5 12336 2 9 2 5 1 F 0 0 1 619 
5 12336 2 9 3 2 1 F 0 0 1 575 
5 12336 2 9 4 2 1 F 0 0 1 485 
5 12336 2 9 5 8 1 F 0 0 1 687 
5 12336 2 9 6 5 1 F 0 0 1 549 
5 12336 2 9 7 5 2 F 0 1 0 971 
5 12336 2 9 8 5 2 J 1 1 1 650 
5 12336 2 9 9 2 2 J 1 1 1 488 
5 12336 2 9 10 5 1 F 0 0 1 579 
5 12336 2 9 11 5 1 F 0 0 1 725 
5 12336 2 9 12 2 2 J 1 1 1 536 
5 12336 2 9 13 8 2 J 1 1 1 505 
5 12336 2 9 14 5 1 F 0 0 1 940 
5 12336 2 9 15 5 1 F 0 0 1 676 
5 12336 2 9 16 5 2 J 1 1 1 659 
5 12336 2 9 17 8 2 J 1 1 1 544 
5 12336 2 9 18 8 1 F 0 0 1 665 
5 12336 2 9 19 8 2 J 1 1 1 616 
5 12336 2 9 20 5 2 J 1 1 1 587 
5 12336 2 9 21 8 1 F 0 0 1 840 
5 12336 2 9 22 2 2 J 1 1 1 552 
5 12336 2 9 23 5 2 J 1 1 1 892 
5 12336 2 9 24 5 2 F 0 1 0 771 
5 12336 2 9 25 2 1 F 0 0 1 519 
5 12336 2 9 26 8 1 F 0 0 1 1200 
5 12336 2 9 27 8 1 F 0 0 1 738 
5 12336 2 9 28 5 1 F 0 0 1 725 
5 12336 2 9 29 2 1 F 0 0 1 814 
5 12336 2 9 30 2 2 J 1 1 1 559 
5 12336 2 9 31 8 1 F 0 0 1 895 
5 12336 2 9 32 2 2 J 1 1 1 670 
5 12336 2 9 33 5 1 F 0 0 1 724 
5 12336 2 9 34 2 2 J 1 1 1 887 
5 12336 2 9 35 8 2 J 1 1 1 586 
5 12336 2 9 36 2 2 J 1 1 1 505 
5 12336 2 9 37 8 1 F 0 0 1 735 
5 12336 2 9 38 5 2 J 1 1 1 989 
5 12336 2 9 39 2 1 F 0 0 1 600 
5 12336 2 9 40 8 2 F 0 1 0 732 
5 12336 2 9 41 8 2 J 1 1 1 697 
5 12336 2 9 42 2 2 J 1 1 1 584 
5 12336 2 9 43 2 1 F 0 0 1 646 
5 12336 2 9 44 8 2 J 1 1 1 520 
5 12336 2 9 45 5 1 J 1 0 0 589 
5 12336 2 9 46 2 1 F 0 0 1 518 
5 12336 2 9 47 5 1 F 0 0 1 604 
5 12336 2 9 48 5 2 J 1 1 1 772 
5 12336 2 9 49 8 2 J 1 1 1 806 
5 12336 2 9 50 2 2 J 1 1 1 559 
5 12336 2 9 51 2 2 J 1 1 1 719 
5 12336 2 9 52 5 2 J 1 1 1 729 
5 12336 2 9 53 8 2 F 0 1 0 1503 
5 12336 2 9 54 8 1 F 0 0 1 689 
5 12336 2 9 55 5 2 J 1 1 1 548 
5 12336 2 9 56 2 1 F 0 0 1 696 
5 12336 2 9 57 8 1 F 0 0 1 761 
5 12336 2 9 58 2 1 F 0 0 1 584 
5 12336 2 9 59 8 1 F 0 0 1 674 
5 12336 2 9 60 2 1 F 0 0 1 521 
5 12336 0 10 1 2 2 J 1 1 1 540 
5 12336 0 10 2 8 1 F 0 0 1 671 
5 12336 0 10 3 8 1 J 1 0 0 649 
5 12336 0 10 4 8 2 F 0 1 0 974 
5 12336 0 10 5 2 2 J 1 1 1 454 
5 12336 0 10 6 5 2 J 1 1 1 422 
5 12336 0 10 7 2 2 J 1 1 1 423 
5 12336 0 10 8 8 2 J 1 1 1 461 
5 12336 0 10 9 5 2 F 0 1 0 819 
5 12336 0 10 10 2 2 J 1 1 1 399 
5 12336 0 10 11 2 2 J 1 1 1 407 
5 12336 0 10 12 8 2 J 1 1 1 911 
5 12336 0 10 13 8 2 J 1 1 1 480 
5 12336 0 10 14 5 2 J 1 1 1 723 
5 12336 0 10 15 2 2 F 0 1 0 440 
5 12336 0 10 16 2 1 F 0 0 1 606 
5 12336 0 10 17 8 2 J 1 1 1 606 
5 12336 0 10 18 2 2 J 1 1 1 384 
5 12336 0 10 19 2 2 J 1 1 1 493 
5 12336 0 10 20 5 2 J 1 1 1 540 
5 12336 0 10 21 2 2 J 1 1 1 417 
5 12336 0 10 22 8 2 J 1 1 1 431 
5 12336 0 10 23 5 2 J 1 1 1 410 
5 12336 0 10 24 2 2 J 1 1 1 463 
5 12336 0 10 25 5 2 J 1 1 1 538 
5 12336 0 10 26 8 2 J 1 1 1 491 
5 12336 0 10 27 2 2 J 1 1 1 415 
5 12336 0 10 28 8 2 J 1 1 1 383 
5 12336 0 10 29 2 2 J 1 1 1 479 
5 12336 0 10 30 5 2 J 1 1 1 381 
5 12336 0 10 31 8 1 F 0 0 1 695 
5 12336 0 10 32 8 2 J 1 1 1 491 
5 12336 0 10 33 2 1 F 0 0 1 536 
5 12336 0 10 34 5 2 J 1 1 1 763 
5 12336 0 10 35 5 2 F 0 1 0 560 
5 12336 0 10 36 2 2 J 1 1 1 479 
5 12336 0 10 37 8 2 J 1 1 1 511 
5 12336 0 10 38 5 2 J 1 1 1 388 
5 12336 0 10 39 2 2 J 1 1 1 391 
5 12336 0 10 40 8 2 F 0 1 0 957 
5 12336 0 10 41 5 2 J 1 1 1 466 
5 12336 0 10 42 5 2 J 1 1 1 382 
5 12336 0 10 43 2 2 J 1 1 1 337 
5 12336 0 10 44 5 2 J 1 1 1 414 
5 12336 0 10 45 5 2 J 1 1 1 1286 
5 12336 0 10 46 2 2 J 1 1 1 576 
5 12336 0 10 47 8 2 J 1 1 1 420 
5 12336 0 10 48 5 2 J 1 1 1 495 
5 12336 0 10 49 8 2 J 1 1 1 516 
5 12336 0 10 50 8 2 J 1 1 1 462 
5 12336 0 10 51 2 2 J 1 1 1 353 
5 12336 0 10 52 5 2 J 1 1 1 435 
5 12336 0 10 53 5 1 F 0 0 1 828 
5 12336 0 10 54 2 1 F 0 0 1 480 
5 12336 0 10 55 5 1 F 0 0 1 616 
5 12336 0 10 56 8 2 F 0 1 0 737 
5 12336 0 10 57 5 1 F 0 0 1 495 
5 12336 0 10 58 5 2 J 1 1 1 572 
5 12336 0 10 59 8 2 J 1 1 1 514 
5 12336 0 10 60 8 2 J 1 1 1 1255 
