Subj Seed Prop Blk Trl SetSize Lag key keyIdx CorrResp ACC RT
17 56924 0 1 1 5 2 J 1 1 1 1013 
17 56924 0 1 2 2 2 J 1 1 1 407 
17 56924 0 1 3 8 2 J 1 1 1 553 
17 56924 0 1 4 5 2 J 1 1 1 565 
17 56924 0 1 5 2 2 J 1 1 1 380 
17 56924 0 1 6 2 2 F 0 1 0 852 
17 56924 0 1 7 2 2 J 1 1 1 361 
17 56924 0 1 8 2 2 J 1 1 1 385 
17 56924 0 1 9 8 2 J 1 1 1 825 
17 56924 0 1 10 2 2 J 1 1 1 475 
17 56924 0 1 11 8 2 J 1 1 1 784 
17 56924 0 1 12 8 2 J 1 1 1 563 
17 56924 0 1 13 5 2 J 1 1 1 577 
17 56924 0 1 14 5 2 J 1 1 1 401 
17 56924 0 1 15 2 2 J 1 1 1 420 
17 56924 0 1 16 5 1 J 1 0 0 510 
17 56924 0 1 17 5 2 J 1 1 1 504 
17 56924 0 1 18 2 2 J 1 1 1 419 
17 56924 0 1 19 8 1 J 1 0 0 525 
17 56924 0 1 20 8 2 J 1 1 1 622 
17 56924 0 1 21 8 1 J 1 0 0 542 
17 56924 0 1 22 5 2 J 1 1 1 558 
17 56924 0 1 23 5 2 J 1 1 1 479 
17 56924 0 1 24 5 2 J 1 1 1 632 
17 56924 0 1 25 8 2 J 1 1 1 523 
17 56924 0 1 26 5 1 J 1 0 0 576 
17 56924 0 1 27 8 2 J 1 1 1 419 
17 56924 0 1 28 8 2 F 0 1 0 924 
17 56924 0 1 29 2 1 F 0 0 1 667 
17 56924 0 1 30 2 2 J 1 1 1 635 
17 56924 0 1 31 5 2 J 1 1 1 532 
17 56924 0 1 32 8 2 J 1 1 1 427 
17 56924 0 1 33 5 1 J 1 0 0 535 
17 56924 0 1 34 2 1 F 0 0 1 1026 
17 56924 0 1 35 8 1 J 1 0 0 752 
17 56924 0 1 36 8 2 J 1 1 1 622 
17 56924 0 1 37 8 2 J 1 1 1 546 
17 56924 0 1 38 2 2 F 0 1 0 806 
17 56924 0 1 39 8 2 J 1 1 1 771 
17 56924 0 1 40 5 2 J 1 1 1 473 
17 56924 0 1 41 2 2 J 1 1 1 380 
17 56924 0 1 42 5 2 J 1 1 1 463 
17 56924 0 1 43 5 2 J 1 1 1 486 
17 56924 0 1 44 2 2 J 1 1 1 372 
17 56924 0 1 45 5 2 J 1 1 1 807 
17 56924 0 1 46 2 2 J 1 1 1 491 
17 56924 0 1 47 8 2 J 1 1 1 505 
17 56924 0 1 48 5 2 F 0 1 0 1175 
17 56924 0 1 49 8 2 J 1 1 1 426 
17 56924 0 1 50 2 1 F 0 0 1 700 
17 56924 0 1 51 5 2 J 1 1 1 688 
17 56924 0 1 52 8 2 J 1 1 1 1327 
17 56924 0 1 53 2 2 J 1 1 1 563 
17 56924 0 1 54 5 2 J 1 1 1 608 
17 56924 0 1 55 2 2 J 1 1 1 363 
17 56924 0 1 56 8 2 J 1 1 1 519 
17 56924 0 1 57 2 2 J 1 1 1 349 
17 56924 0 1 58 8 2 J 1 1 1 563 
17 56924 0 1 59 5 2 J 1 1 1 328 
17 56924 0 1 60 2 2 J 1 1 1 549 
17 56924 4 2 1 2 1 F 0 0 1 806 
17 56924 4 2 2 5 2 F 0 1 0 427 
17 56924 4 2 3 8 1 F 0 0 1 740 
17 56924 4 2 4 8 1 F 0 0 1 827 
17 56924 4 2 5 5 1 F 0 0 1 584 
17 56924 4 2 6 8 1 F 0 0 1 515 
17 56924 4 2 7 8 1 F 0 0 1 517 
17 56924 4 2 8 8 2 F 0 1 0 515 
17 56924 4 2 9 8 1 F 0 0 1 531 
17 56924 4 2 10 5 1 F 0 0 1 1150 
17 56924 4 2 11 5 1 F 0 0 1 536 
17 56924 4 2 12 2 1 F 0 0 1 732 
17 56924 4 2 13 8 1 F 0 0 1 587 
17 56924 4 2 14 2 2 J 1 1 1 610 
17 56924 4 2 15 8 1 F 0 0 1 727 
17 56924 4 2 16 8 1 F 0 0 1 522 
17 56924 4 2 17 5 1 F 0 0 1 458 
17 56924 4 2 18 8 2 F 0 1 0 550 
17 56924 4 2 19 2 1 F 0 0 1 651 
17 56924 4 2 20 5 1 F 0 0 1 657 
17 56924 4 2 21 5 1 F 0 0 1 548 
17 56924 4 2 22 5 1 F 0 0 1 487 
17 56924 4 2 23 2 1 F 0 0 1 652 
17 56924 4 2 24 2 1 F 0 0 1 585 
17 56924 4 2 25 2 1 F 0 0 1 634 
17 56924 4 2 26 5 1 F 0 0 1 624 
17 56924 4 2 27 8 1 F 0 0 1 464 
17 56924 4 2 28 2 1 F 0 0 1 489 
17 56924 4 2 29 5 1 F 0 0 1 554 
17 56924 4 2 30 2 1 F 0 0 1 538 
17 56924 4 2 31 2 1 F 0 0 1 562 
17 56924 4 2 32 5 1 F 0 0 1 432 
17 56924 4 2 33 5 2 F 0 1 0 503 
17 56924 4 2 34 8 1 F 0 0 1 539 
17 56924 4 2 35 5 1 F 0 0 1 488 
17 56924 4 2 36 5 2 F 0 1 0 579 
17 56924 4 2 37 5 1 F 0 0 1 640 
17 56924 4 2 38 2 1 F 0 0 1 457 
17 56924 4 2 39 8 1 F 0 0 1 556 
17 56924 4 2 40 5 1 F 0 0 1 536 
17 56924 4 2 41 8 1 F 0 0 1 591 
17 56924 4 2 42 8 1 F 0 0 1 635 
17 56924 4 2 43 8 1 F 0 0 1 643 
17 56924 4 2 44 8 1 F 0 0 1 510 
17 56924 4 2 45 8 2 J 1 1 1 772 
17 56924 4 2 46 2 2 F 0 1 0 626 
17 56924 4 2 47 2 2 J 1 1 1 676 
17 56924 4 2 48 8 1 F 0 0 1 671 
17 56924 4 2 49 2 1 F 0 0 1 643 
17 56924 4 2 50 2 1 F 0 0 1 500 
17 56924 4 2 51 5 1 F 0 0 1 541 
17 56924 4 2 52 2 1 F 0 0 1 541 
17 56924 4 2 53 2 1 F 0 0 1 604 
17 56924 4 2 54 5 1 F 0 0 1 508 
17 56924 4 2 55 2 1 F 0 0 1 441 
17 56924 4 2 56 5 1 F 0 0 1 506 
17 56924 4 2 57 2 1 F 0 0 1 690 
17 56924 4 2 58 2 1 F 0 0 1 482 
17 56924 4 2 59 5 1 F 0 0 1 486 
17 56924 4 2 60 8 1 F 0 0 1 540 
17 56924 3 3 1 2 2 J 1 1 1 679 
17 56924 3 3 2 5 1 F 0 0 1 543 
17 56924 3 3 3 5 1 F 0 0 1 668 
17 56924 3 3 4 2 1 F 0 0 1 699 
17 56924 3 3 5 5 2 F 0 1 0 805 
17 56924 3 3 6 8 1 F 0 0 1 587 
17 56924 3 3 7 2 1 F 0 0 1 419 
17 56924 3 3 8 2 2 J 1 1 1 979 
17 56924 3 3 9 8 1 F 0 0 1 494 
17 56924 3 3 10 8 1 F 0 0 1 548 
17 56924 3 3 11 5 1 F 0 0 1 498 
17 56924 3 3 12 2 2 J 1 1 1 748 
17 56924 3 3 13 5 2 F 0 1 0 567 
17 56924 3 3 14 5 1 F 0 0 1 642 
17 56924 3 3 15 5 2 F 0 1 0 497 
17 56924 3 3 16 8 1 F 0 0 1 996 
17 56924 3 3 17 2 2 J 1 1 1 854 
17 56924 3 3 18 8 1 F 0 0 1 604 
17 56924 3 3 19 5 1 F 0 0 1 613 
17 56924 3 3 20 8 1 F 0 0 1 631 
17 56924 3 3 21 2 2 J 1 1 1 396 
17 56924 3 3 22 8 2 F 0 1 0 786 
17 56924 3 3 23 2 1 F 0 0 1 748 
17 56924 3 3 24 8 1 F 0 0 1 811 
17 56924 3 3 25 2 1 F 0 0 1 628 
17 56924 3 3 26 5 1 F 0 0 1 687 
17 56924 3 3 27 8 1 F 0 0 1 803 
17 56924 3 3 28 8 1 F 0 0 1 748 
17 56924 3 3 29 5 1 F 0 0 1 697 
17 56924 3 3 30 5 1 F 0 0 1 608 
17 56924 3 3 31 8 1 F 0 0 1 626 
17 56924 3 3 32 8 2 F 0 1 0 470 
17 56924 3 3 33 2 1 F 0 0 1 627 
17 56924 3 3 34 8 1 F 0 0 1 578 
17 56924 3 3 35 5 1 F 0 0 1 544 
17 56924 3 3 36 5 1 F 0 0 1 624 
17 56924 3 3 37 2 1 F 0 0 1 721 
17 56924 3 3 38 2 2 J 1 1 1 956 
17 56924 3 3 39 8 1 F 0 0 1 674 
17 56924 3 3 40 8 2 F 0 1 0 636 
17 56924 3 3 41 2 1 F 0 0 1 580 
17 56924 3 3 42 2 1 F 0 0 1 500 
17 56924 3 3 43 2 1 F 0 0 1 601 
17 56924 3 3 44 5 2 J 1 1 1 696 
17 56924 3 3 45 5 2 J 1 1 1 670 
17 56924 3 3 46 8 2 F 0 1 0 661 
17 56924 3 3 47 8 1 F 0 0 1 667 
17 56924 3 3 48 2 1 F 0 0 1 645 
17 56924 3 3 49 2 1 F 0 0 1 562 
17 56924 3 3 50 5 1 F 0 0 1 499 
17 56924 3 3 51 5 2 F 0 1 0 634 
17 56924 3 3 52 5 1 F 0 0 1 806 
17 56924 3 3 53 5 1 F 0 0 1 621 
17 56924 3 3 54 2 1 F 0 0 1 539 
17 56924 3 3 55 8 2 F 0 1 0 672 
17 56924 3 3 56 5 1 F 0 0 1 528 
17 56924 3 3 57 8 2 J 1 1 1 585 
17 56924 3 3 58 2 1 F 0 0 1 633 
17 56924 3 3 59 8 1 F 0 0 1 562 
17 56924 3 3 60 2 1 F 0 0 1 587 
17 56924 1 4 1 8 2 F 0 1 0 680 
17 56924 1 4 2 5 2 J 1 1 1 749 
17 56924 1 4 3 8 1 F 0 0 1 638 
17 56924 1 4 4 8 2 J 1 1 1 689 
17 56924 1 4 5 5 2 J 1 1 1 500 
17 56924 1 4 6 5 2 J 1 1 1 632 
17 56924 1 4 7 2 2 J 1 1 1 780 
17 56924 1 4 8 8 1 J 1 0 0 858 
17 56924 1 4 9 5 1 F 0 0 1 1056 
17 56924 1 4 10 8 2 J 1 1 1 782 
17 56924 1 4 11 2 2 J 1 1 1 707 
17 56924 1 4 12 2 2 J 1 1 1 459 
17 56924 1 4 13 5 2 J 1 1 1 620 
17 56924 1 4 14 5 1 J 1 0 0 551 
17 56924 1 4 15 8 2 J 1 1 1 752 
17 56924 1 4 16 2 1 F 0 0 1 700 
17 56924 1 4 17 2 2 J 1 1 1 556 
17 56924 1 4 18 5 2 J 1 1 1 622 
17 56924 1 4 19 2 2 J 1 1 1 585 
17 56924 1 4 20 2 2 J 1 1 1 443 
17 56924 1 4 21 2 1 F 0 0 1 672 
17 56924 1 4 22 8 2 J 1 1 1 673 
17 56924 1 4 23 8 1 J 1 0 0 627 
17 56924 1 4 24 2 2 J 1 1 1 579 
17 56924 1 4 25 8 1 F 0 0 1 714 
17 56924 1 4 26 2 1 F 0 0 1 933 
17 56924 1 4 27 5 2 F 0 1 0 1198 
17 56924 1 4 28 2 2 J 1 1 1 491 
17 56924 1 4 29 8 2 J 1 1 1 770 
17 56924 1 4 30 2 2 J 1 1 1 434 
17 56924 1 4 31 8 2 F 0 1 0 696 
17 56924 1 4 32 2 2 J 1 1 1 404 
17 56924 1 4 33 8 2 J 1 1 1 513 
17 56924 1 4 34 5 1 F 0 0 1 657 
17 56924 1 4 35 5 2 J 1 1 1 592 
17 56924 1 4 36 5 2 J 1 1 1 544 
17 56924 1 4 37 2 2 J 1 1 1 693 
17 56924 1 4 38 5 2 J 1 1 1 454 
17 56924 1 4 39 2 1 F 0 0 1 675 
17 56924 1 4 40 5 2 J 1 1 1 607 
17 56924 1 4 41 2 2 J 1 1 1 429 
17 56924 1 4 42 8 2 J 1 1 1 740 
17 56924 1 4 43 2 1 F 0 0 1 507 
17 56924 1 4 44 8 2 J 1 1 1 557 
17 56924 1 4 45 8 2 J 1 1 1 442 
17 56924 1 4 46 2 1 F 0 0 1 547 
17 56924 1 4 47 5 2 J 1 1 1 489 
17 56924 1 4 48 5 2 J 1 1 1 547 
17 56924 1 4 49 5 2 J 1 1 1 817 
17 56924 1 4 50 5 1 F 0 0 1 678 
17 56924 1 4 51 5 2 J 1 1 1 724 
17 56924 1 4 52 2 2 J 1 1 1 421 
17 56924 1 4 53 8 2 J 1 1 1 460 
17 56924 1 4 54 8 1 J 1 0 0 508 
17 56924 1 4 55 8 1 F 0 0 1 751 
17 56924 1 4 56 2 2 J 1 1 1 338 
17 56924 1 4 57 5 1 J 1 0 0 638 
17 56924 1 4 58 8 2 J 1 1 1 627 
17 56924 1 4 59 5 1 J 1 0 0 532 
17 56924 1 4 60 8 2 F 0 1 0 977 
17 56924 2 5 1 2 2 J 1 1 1 404 
17 56924 2 5 2 5 1 F 0 0 1 593 
17 56924 2 5 3 8 1 F 0 0 1 680 
17 56924 2 5 4 8 1 F 0 0 1 1001 
17 56924 2 5 5 2 1 F 0 0 1 1019 
17 56924 2 5 6 5 1 F 0 0 1 639 
17 56924 2 5 7 8 1 F 0 0 1 658 
17 56924 2 5 8 8 1 F 0 0 1 580 
17 56924 2 5 9 2 1 F 0 0 1 530 
17 56924 2 5 10 2 2 J 1 1 1 506 
17 56924 2 5 11 8 2 F 0 1 0 652 
17 56924 2 5 12 8 2 J 1 1 1 892 
17 56924 2 5 13 5 2 F 0 1 0 880 
17 56924 2 5 14 2 1 F 0 0 1 580 
17 56924 2 5 15 5 2 J 1 1 1 605 
17 56924 2 5 16 2 2 J 1 1 1 619 
17 56924 2 5 17 8 2 J 1 1 1 572 
17 56924 2 5 18 5 1 F 0 0 1 712 
17 56924 2 5 19 5 2 J 1 1 1 463 
17 56924 2 5 20 2 2 J 1 1 1 581 
17 56924 2 5 21 2 1 F 0 0 1 633 
17 56924 2 5 22 2 2 J 1 1 1 571 
17 56924 2 5 23 5 2 F 0 1 0 725 
17 56924 2 5 24 8 2 F 0 1 0 931 
17 56924 2 5 25 8 1 J 1 0 0 587 
17 56924 2 5 26 2 1 F 0 0 1 637 
17 56924 2 5 27 5 1 F 0 0 1 728 
17 56924 2 5 28 2 2 J 1 1 1 499 
17 56924 2 5 29 8 2 J 1 1 1 915 
17 56924 2 5 30 2 1 F 0 0 1 589 
17 56924 2 5 31 5 2 F 0 1 0 951 
17 56924 2 5 32 5 2 J 1 1 1 662 
17 56924 2 5 33 8 1 J 1 0 0 636 
17 56924 2 5 34 2 1 F 0 0 1 891 
17 56924 2 5 35 8 2 F 0 1 0 701 
17 56924 2 5 36 2 1 F 0 0 1 677 
17 56924 2 5 37 8 1 F 0 0 1 978 
17 56924 2 5 38 5 2 J 1 1 1 786 
17 56924 2 5 39 2 2 J 1 1 1 476 
17 56924 2 5 40 5 2 F 0 1 0 640 
17 56924 2 5 41 8 1 J 1 0 0 625 
17 56924 2 5 42 5 1 J 1 0 0 1017 
17 56924 2 5 43 8 1 J 1 0 0 689 
17 56924 2 5 44 5 1 F 0 0 1 681 
17 56924 2 5 45 5 2 F 0 1 0 706 
17 56924 2 5 46 2 1 F 0 0 1 675 
17 56924 2 5 47 5 1 F 0 0 1 838 
17 56924 2 5 48 8 2 J 1 1 1 662 
17 56924 2 5 49 5 2 J 1 1 1 432 
17 56924 2 5 50 5 1 F 0 0 1 657 
17 56924 2 5 51 8 2 J 1 1 1 483 
17 56924 2 5 52 2 2 J 1 1 1 417 
17 56924 2 5 53 2 2 J 1 1 1 397 
17 56924 2 5 54 2 1 F 0 0 1 499 
17 56924 2 5 55 5 1 F 0 0 1 494 
17 56924 2 5 56 8 2 J 1 1 1 738 
17 56924 2 5 57 2 2 J 1 1 1 428 
17 56924 2 5 58 8 2 F 0 1 0 708 
17 56924 2 5 59 8 1 F 0 0 1 907 
17 56924 2 5 60 5 1 J 1 0 0 617 
17 56924 4 6 1 8 1 F 0 0 1 654 
17 56924 4 6 2 8 1 F 0 0 1 663 
17 56924 4 6 3 8 1 F 0 0 1 693 
17 56924 4 6 4 8 1 F 0 0 1 686 
17 56924 4 6 5 5 1 F 0 0 1 698 
17 56924 4 6 6 2 1 F 0 0 1 685 
17 56924 4 6 7 8 2 J 1 1 1 695 
17 56924 4 6 8 8 1 F 0 0 1 854 
17 56924 4 6 9 2 1 F 0 0 1 582 
17 56924 4 6 10 5 1 F 0 0 1 739 
17 56924 4 6 11 8 2 F 0 1 0 676 
17 56924 4 6 12 8 1 F 0 0 1 429 
17 56924 4 6 13 5 1 F 0 0 1 462 
17 56924 4 6 14 8 1 F 0 0 1 684 
17 56924 4 6 15 2 2 J 1 1 1 541 
17 56924 4 6 16 8 1 F 0 0 1 523 
17 56924 4 6 17 8 1 F 0 0 1 580 
17 56924 4 6 18 8 1 F 0 0 1 676 
17 56924 4 6 19 2 1 F 0 0 1 633 
17 56924 4 6 20 5 1 F 0 0 1 688 
17 56924 4 6 21 8 1 F 0 0 1 508 
17 56924 4 6 22 5 1 F 0 0 1 487 
17 56924 4 6 23 8 1 F 0 0 1 461 
17 56924 4 6 24 5 2 F 0 1 0 584 
17 56924 4 6 25 2 1 F 0 0 1 491 
17 56924 4 6 26 5 1 F 0 0 1 534 
17 56924 4 6 27 2 1 F 0 0 1 444 
17 56924 4 6 28 5 2 F 0 1 0 599 
17 56924 4 6 29 5 2 F 0 1 0 703 
17 56924 4 6 30 8 1 F 0 0 1 647 
17 56924 4 6 31 2 1 F 0 0 1 506 
17 56924 4 6 32 5 1 F 0 0 1 441 
17 56924 4 6 33 2 1 F 0 0 1 442 
17 56924 4 6 34 2 1 F 0 0 1 506 
17 56924 4 6 35 5 1 F 0 0 1 501 
17 56924 4 6 36 2 1 F 0 0 1 641 
17 56924 4 6 37 5 1 F 0 0 1 462 
17 56924 4 6 38 8 2 J 1 1 1 603 
17 56924 4 6 39 2 1 F 0 0 1 525 
17 56924 4 6 40 2 2 J 1 1 1 552 
17 56924 4 6 41 8 1 F 0 0 1 639 
17 56924 4 6 42 2 1 F 0 0 1 518 
17 56924 4 6 43 2 1 F 0 0 1 623 
17 56924 4 6 44 2 1 F 0 0 1 467 
17 56924 4 6 45 5 1 F 0 0 1 415 
17 56924 4 6 46 2 1 F 0 0 1 602 
17 56924 4 6 47 5 1 F 0 0 1 440 
17 56924 4 6 48 5 1 F 0 0 1 605 
17 56924 4 6 49 8 1 F 0 0 1 508 
17 56924 4 6 50 5 1 F 0 0 1 495 
17 56924 4 6 51 8 1 F 0 0 1 542 
17 56924 4 6 52 2 2 J 1 1 1 513 
17 56924 4 6 53 5 1 F 0 0 1 528 
17 56924 4 6 54 2 1 F 0 0 1 555 
17 56924 4 6 55 2 1 F 0 0 1 521 
17 56924 4 6 56 2 1 F 0 0 1 624 
17 56924 4 6 57 8 1 F 0 0 1 514 
17 56924 4 6 58 5 1 F 0 0 1 487 
17 56924 4 6 59 5 1 F 0 0 1 490 
17 56924 4 6 60 5 1 F 0 0 1 549 
17 56924 1 7 1 2 2 J 1 1 1 494 
17 56924 1 7 2 2 2 J 1 1 1 639 
17 56924 1 7 3 5 2 J 1 1 1 1029 
17 56924 1 7 4 5 2 J 1 1 1 575 
17 56924 1 7 5 8 2 J 1 1 1 526 
17 56924 1 7 6 2 2 J 1 1 1 422 
17 56924 1 7 7 8 1 J 1 0 0 650 
17 56924 1 7 8 8 1 J 1 0 0 643 
17 56924 1 7 9 2 2 J 1 1 1 510 
17 56924 1 7 10 5 2 J 1 1 1 680 
17 56924 1 7 11 8 2 J 1 1 1 506 
17 56924 1 7 12 2 2 J 1 1 1 403 
17 56924 1 7 13 2 1 F 0 0 1 566 
17 56924 1 7 14 8 1 F 0 0 1 948 
17 56924 1 7 15 2 2 J 1 1 1 788 
17 56924 1 7 16 2 2 J 1 1 1 557 
17 56924 1 7 17 5 1 J 1 0 0 885 
17 56924 1 7 18 5 1 F 0 0 1 981 
17 56924 1 7 19 8 2 J 1 1 1 884 
17 56924 1 7 20 5 1 F 0 0 1 1064 
17 56924 1 7 21 5 1 J 1 0 0 1439 
17 56924 1 7 22 8 2 J 1 1 1 660 
17 56924 1 7 23 5 2 J 1 1 1 608 
17 56924 1 7 24 8 2 J 1 1 1 553 
17 56924 1 7 25 2 1 F 0 0 1 524 
17 56924 1 7 26 5 2 J 1 1 1 600 
17 56924 1 7 27 5 2 J 1 1 1 599 
17 56924 1 7 28 2 2 J 1 1 1 429 
17 56924 1 7 29 8 2 J 1 1 1 531 
17 56924 1 7 30 2 1 F 0 0 1 600 
17 56924 1 7 31 2 2 J 1 1 1 515 
17 56924 1 7 32 2 2 J 1 1 1 387 
17 56924 1 7 33 5 1 F 0 0 1 627 
17 56924 1 7 34 2 2 J 1 1 1 533 
17 56924 1 7 35 2 1 F 0 0 1 668 
17 56924 1 7 36 2 2 F 0 1 0 928 
17 56924 1 7 37 2 2 J 1 1 1 497 
17 56924 1 7 38 5 2 F 0 1 0 1013 
17 56924 1 7 39 5 2 J 1 1 1 424 
17 56924 1 7 40 5 2 J 1 1 1 575 
17 56924 1 7 41 8 2 J 1 1 1 364 
17 56924 1 7 42 5 2 J 1 1 1 631 
17 56924 1 7 43 2 1 F 0 0 1 579 
17 56924 1 7 44 8 2 J 1 1 1 650 
17 56924 1 7 45 5 2 J 1 1 1 687 
17 56924 1 7 46 2 1 F 0 0 1 692 
17 56924 1 7 47 8 2 J 1 1 1 571 
17 56924 1 7 48 5 2 J 1 1 1 584 
17 56924 1 7 49 8 2 J 1 1 1 575 
17 56924 1 7 50 8 2 J 1 1 1 656 
17 56924 1 7 51 5 2 J 1 1 1 466 
17 56924 1 7 52 5 1 J 1 0 0 970 
17 56924 1 7 53 2 2 J 1 1 1 572 
17 56924 1 7 54 8 2 J 1 1 1 522 
17 56924 1 7 55 8 1 J 1 0 0 596 
17 56924 1 7 56 8 2 J 1 1 1 560 
17 56924 1 7 57 8 2 J 1 1 1 505 
17 56924 1 7 58 8 1 J 1 0 0 683 
17 56924 1 7 59 5 2 J 1 1 1 538 
17 56924 1 7 60 8 1 J 1 0 0 538 
17 56924 2 8 1 2 1 F 0 0 1 437 
17 56924 2 8 2 2 2 J 1 1 1 675 
17 56924 2 8 3 5 1 F 0 0 1 760 
17 56924 2 8 4 2 1 F 0 0 1 631 
17 56924 2 8 5 8 1 J 1 0 0 987 
17 56924 2 8 6 5 2 J 1 1 1 577 
17 56924 2 8 7 2 1 F 0 0 1 475 
17 56924 2 8 8 8 1 F 0 0 1 957 
17 56924 2 8 9 5 2 F 0 1 0 701 
17 56924 2 8 10 8 2 J 1 1 1 476 
17 56924 2 8 11 5 1 F 0 0 1 639 
17 56924 2 8 12 8 2 J 1 1 1 717 
17 56924 2 8 13 2 2 J 1 1 1 539 
17 56924 2 8 14 2 1 F 0 0 1 627 
17 56924 2 8 15 5 2 J 1 1 1 528 
17 56924 2 8 16 8 2 J 1 1 1 641 
17 56924 2 8 17 8 2 J 1 1 1 478 
17 56924 2 8 18 2 2 J 1 1 1 574 
17 56924 2 8 19 5 1 J 1 0 0 716 
17 56924 2 8 20 8 1 F 0 0 1 683 
17 56924 2 8 21 2 1 F 0 0 1 569 
17 56924 2 8 22 5 2 J 1 1 1 776 
17 56924 2 8 23 2 1 F 0 0 1 444 
17 56924 2 8 24 2 1 F 0 0 1 521 
17 56924 2 8 25 8 1 F 0 0 1 632 
17 56924 2 8 26 2 2 J 1 1 1 501 
17 56924 2 8 27 8 1 F 0 0 1 604 
17 56924 2 8 28 8 1 F 0 0 1 740 
17 56924 2 8 29 5 2 J 1 1 1 842 
17 56924 2 8 30 2 2 J 1 1 1 446 
17 56924 2 8 31 8 2 J 1 1 1 455 
17 56924 2 8 32 8 2 J 1 1 1 584 
17 56924 2 8 33 5 1 F 0 0 1 648 
17 56924 2 8 34 8 1 F 0 0 1 1025 
17 56924 2 8 35 8 2 J 1 1 1 453 
17 56924 2 8 36 2 2 J 1 1 1 468 
17 56924 2 8 37 5 2 J 1 1 1 535 
17 56924 2 8 38 8 1 J 1 0 0 794 
17 56924 2 8 39 8 1 F 0 0 1 921 
17 56924 2 8 40 8 1 F 0 0 1 1458 
17 56924 2 8 41 5 2 F 0 1 0 777 
17 56924 2 8 42 2 2 J 1 1 1 660 
17 56924 2 8 43 2 2 J 1 1 1 554 
17 56924 2 8 44 2 1 F 0 0 1 562 
17 56924 2 8 45 8 2 J 1 1 1 1352 
17 56924 2 8 46 5 2 J 1 1 1 712 
17 56924 2 8 47 5 1 F 0 0 1 776 
17 56924 2 8 48 8 2 F 0 1 0 621 
17 56924 2 8 49 5 1 J 1 0 0 767 
17 56924 2 8 50 2 1 F 0 0 1 628 
17 56924 2 8 51 2 1 F 0 0 1 482 
17 56924 2 8 52 2 2 J 1 1 1 420 
17 56924 2 8 53 5 2 J 1 1 1 664 
17 56924 2 8 54 5 2 J 1 1 1 465 
17 56924 2 8 55 8 2 J 1 1 1 590 
17 56924 2 8 56 5 1 F 0 0 1 715 
17 56924 2 8 57 5 1 F 0 0 1 806 
17 56924 2 8 58 5 1 F 0 0 1 655 
17 56924 2 8 59 2 2 J 1 1 1 394 
17 56924 2 8 60 5 1 F 0 0 1 570 
17 56924 0 9 1 8 2 J 1 1 1 548 
17 56924 0 9 2 2 2 J 1 1 1 490 
17 56924 0 9 3 2 2 J 1 1 1 460 
17 56924 0 9 4 2 2 J 1 1 1 379 
17 56924 0 9 5 5 2 J 1 1 1 505 
17 56924 0 9 6 8 2 J 1 1 1 569 
17 56924 0 9 7 8 2 J 1 1 1 443 
17 56924 0 9 8 2 2 J 1 1 1 469 
17 56924 0 9 9 8 2 J 1 1 1 565 
17 56924 0 9 10 2 1 F 0 0 1 548 
17 56924 0 9 11 5 2 J 1 1 1 633 
17 56924 0 9 12 2 1 F 0 0 1 508 
17 56924 0 9 13 5 2 J 1 1 1 406 
17 56924 0 9 14 5 1 F 0 0 1 538 
17 56924 0 9 15 2 2 F 0 1 0 923 
17 56924 0 9 16 5 2 J 1 1 1 613 
17 56924 0 9 17 2 2 J 1 1 1 430 
17 56924 0 9 18 5 1 F 0 0 1 725 
17 56924 0 9 19 5 2 J 1 1 1 556 
17 56924 0 9 20 2 2 J 1 1 1 477 
17 56924 0 9 21 8 2 F 0 1 0 743 
17 56924 0 9 22 2 2 J 1 1 1 389 
17 56924 0 9 23 2 2 J 1 1 1 596 
17 56924 0 9 24 8 2 J 1 1 1 511 
17 56924 0 9 25 5 2 J 1 1 1 497 
17 56924 0 9 26 8 2 J 1 1 1 435 
17 56924 0 9 27 2 2 J 1 1 1 382 
17 56924 0 9 28 2 2 J 1 1 1 440 
17 56924 0 9 29 2 2 J 1 1 1 444 
17 56924 0 9 30 5 2 J 1 1 1 399 
17 56924 0 9 31 5 2 J 1 1 1 494 
17 56924 0 9 32 8 2 J 1 1 1 461 
17 56924 0 9 33 8 2 J 1 1 1 506 
17 56924 0 9 34 5 2 J 1 1 1 687 
17 56924 0 9 35 5 2 J 1 1 1 400 
17 56924 0 9 36 8 2 J 1 1 1 558 
17 56924 0 9 37 8 2 J 1 1 1 445 
17 56924 0 9 38 8 1 J 1 0 0 559 
17 56924 0 9 39 5 2 J 1 1 1 536 
17 56924 0 9 40 5 2 F 0 1 0 1257 
17 56924 0 9 41 2 2 J 1 1 1 435 
17 56924 0 9 42 5 2 J 1 1 1 552 
17 56924 0 9 43 8 2 J 1 1 1 521 
17 56924 0 9 44 5 2 J 1 1 1 473 
17 56924 0 9 45 8 2 J 1 1 1 522 
17 56924 0 9 46 2 2 J 1 1 1 426 
17 56924 0 9 47 2 1 F 0 0 1 683 
17 56924 0 9 48 8 1 J 1 0 0 383 
17 56924 0 9 49 2 2 J 1 1 1 412 
17 56924 0 9 50 5 2 J 1 1 1 497 
17 56924 0 9 51 8 1 J 1 0 0 663 
17 56924 0 9 52 5 2 J 1 1 1 503 
17 56924 0 9 53 5 2 J 1 1 1 602 
17 56924 0 9 54 8 2 J 1 1 1 378 
17 56924 0 9 55 2 2 J 1 1 1 533 
17 56924 0 9 56 5 1 F 0 0 1 697 
17 56924 0 9 57 8 2 J 1 1 1 737 
17 56924 0 9 58 8 2 J 1 1 1 683 
17 56924 0 9 59 8 2 J 1 1 1 549 
17 56924 0 9 60 2 2 J 1 1 1 436 
17 56924 3 10 1 2 2 F 0 1 0 941 
17 56924 3 10 2 8 1 F 0 0 1 420 
17 56924 3 10 3 8 1 F 0 0 1 458 
17 56924 3 10 4 2 2 J 1 1 1 482 
17 56924 3 10 5 5 2 F 0 1 0 639 
17 56924 3 10 6 8 2 J 1 1 1 698 
17 56924 3 10 7 2 1 F 0 0 1 523 
17 56924 3 10 8 5 1 F 0 0 1 595 
17 56924 3 10 9 5 1 F 0 0 1 630 
17 56924 3 10 10 2 1 F 0 0 1 601 
17 56924 3 10 11 5 2 J 1 1 1 464 
17 56924 3 10 12 5 1 F 0 0 1 831 
17 56924 3 10 13 5 1 F 0 0 1 748 
17 56924 3 10 14 8 1 F 0 0 1 827 
17 56924 3 10 15 2 2 J 1 1 1 500 
17 56924 3 10 16 2 1 F 0 0 1 587 
17 56924 3 10 17 2 2 J 1 1 1 645 
17 56924 3 10 18 8 1 F 0 0 1 999 
17 56924 3 10 19 8 2 F 0 1 0 522 
17 56924 3 10 20 8 1 F 0 0 1 871 
17 56924 3 10 21 2 2 J 1 1 1 422 
17 56924 3 10 22 8 2 J 1 1 1 529 
17 56924 3 10 23 2 1 F 0 0 1 557 
17 56924 3 10 24 2 1 F 0 0 1 524 
17 56924 3 10 25 5 2 F 0 1 0 483 
17 56924 3 10 26 5 2 F 0 1 0 599 
17 56924 3 10 27 5 1 F 0 0 1 454 
17 56924 3 10 28 5 1 F 0 0 1 972 
17 56924 3 10 29 5 1 F 0 0 1 519 
17 56924 3 10 30 5 1 F 0 0 1 582 
17 56924 3 10 31 8 2 F 0 1 0 462 
17 56924 3 10 32 2 1 F 0 0 1 505 
17 56924 3 10 33 2 1 F 0 0 1 492 
17 56924 3 10 34 5 1 F 0 0 1 1078 
17 56924 3 10 35 8 1 F 0 0 1 592 
17 56924 3 10 36 8 1 F 0 0 1 523 
17 56924 3 10 37 5 2 J 1 1 1 682 
17 56924 3 10 38 5 1 F 0 0 1 653 
17 56924 3 10 39 2 1 F 0 0 1 610 
17 56924 3 10 40 5 1 F 0 0 1 671 
17 56924 3 10 41 2 1 F 0 0 1 482 
17 56924 3 10 42 2 1 F 0 0 1 506 
17 56924 3 10 43 2 1 F 0 0 1 469 
17 56924 3 10 44 5 1 F 0 0 1 467 
17 56924 3 10 45 8 1 F 0 0 1 588 
17 56924 3 10 46 8 2 F 0 1 0 410 
17 56924 3 10 47 8 1 F 0 0 1 459 
17 56924 3 10 48 2 2 J 1 1 1 580 
17 56924 3 10 49 5 2 F 0 1 0 448 
17 56924 3 10 50 8 1 F 0 0 1 695 
17 56924 3 10 51 8 1 F 0 0 1 543 
17 56924 3 10 52 8 1 F 0 0 1 572 
17 56924 3 10 53 2 1 F 0 0 1 499 
17 56924 3 10 54 8 1 F 0 0 1 412 
17 56924 3 10 55 5 1 F 0 0 1 523 
17 56924 3 10 56 2 1 F 0 0 1 418 
17 56924 3 10 57 5 1 F 0 0 1 430 
17 56924 3 10 58 8 2 F 0 1 0 478 
17 56924 3 10 59 8 1 F 0 0 1 427 
17 56924 3 10 60 2 1 F 0 0 1 485 
