Subj Seed Prop Blk Trl SetSize Lag key keyIdx CorrResp ACC RT
19 45774 3 1 1 8 1 F 0 0 1 990 
19 45774 3 1 2 8 2 F 0 1 0 579 
19 45774 3 1 3 2 2 J 1 1 1 486 
19 45774 3 1 4 8 1 F 0 0 1 825 
19 45774 3 1 5 2 1 F 0 0 1 2977 
19 45774 3 1 6 8 2 F 0 1 0 2408 
19 45774 3 1 7 2 1 F 0 0 1 2599 
19 45774 3 1 8 5 1 F 0 0 1 1697 
19 45774 3 1 9 5 2 F 0 1 0 606 
19 45774 3 1 10 8 1 F 0 0 1 821 
19 45774 3 1 11 2 1 F 0 0 1 222 
19 45774 3 1 12 5 2 F 0 1 0 1891 
19 45774 3 1 13 5 2 F 0 1 0 4286 
19 45774 3 1 14 5 2 F 0 1 0 834 
19 45774 3 1 15 2 2 F 0 1 0 281 
19 45774 3 1 16 8 1 F 0 0 1 488 
19 45774 3 1 17 5 1 F 0 0 1 402 
19 45774 3 1 18 2 2 F 0 1 0 736 
19 45774 3 1 19 5 1 F 0 0 1 764 
19 45774 3 1 20 8 1 F 0 0 1 839 
19 45774 3 1 21 2 1 F 0 0 1 1840 
19 45774 3 1 22 5 1 F 0 0 1 497 
19 45774 3 1 23 8 1 F 0 0 1 248 
19 45774 3 1 24 8 1 F 0 0 1 300 
19 45774 3 1 25 5 1 F 0 0 1 189 
19 45774 3 1 26 8 2 F 0 1 0 412 
19 45774 3 1 27 8 1 F 0 0 1 1137 
19 45774 3 1 28 5 1 F 0 0 1 40 
19 45774 3 1 29 2 1 F 0 0 1 82 
19 45774 3 1 30 5 1 F 0 0 1 208 
19 45774 3 1 31 8 1 F 0 0 1 141 
19 45774 3 1 32 2 1 F 0 0 1 376 
19 45774 3 1 33 5 2 F 0 1 0 188 
19 45774 3 1 34 5 1 F 0 0 1 372 
19 45774 3 1 35 5 1 F 0 0 1 20 
19 45774 3 1 36 8 1 F 0 0 1 418 
19 45774 3 1 37 8 2 F 0 1 0 402 
19 45774 3 1 38 2 1 F 0 0 1 207 
19 45774 3 1 39 5 1 F 0 0 1 121 
19 45774 3 1 40 2 2 F 0 1 0 16 
19 45774 3 1 41 2 2 J 1 1 1 791 
19 45774 3 1 42 2 2 J 1 1 1 698 
19 45774 3 1 43 8 1 F 0 0 1 742 
19 45774 3 1 44 2 1 F 0 0 1 519 
19 45774 3 1 45 2 1 F 0 0 1 543 
19 45774 3 1 46 2 1 F 0 0 1 439 
19 45774 3 1 47 5 1 F 0 0 1 483 
19 45774 3 1 48 5 1 F 0 0 1 428 
19 45774 3 1 49 5 2 J 1 1 1 580 
19 45774 3 1 50 8 2 F 0 1 0 672 
19 45774 3 1 51 5 1 F 0 0 1 469 
19 45774 3 1 52 2 1 F 0 0 1 407 
19 45774 3 1 53 2 1 F 0 0 1 424 
19 45774 3 1 54 8 1 F 0 0 1 434 
19 45774 3 1 55 2 1 J 1 0 0 382 
19 45774 3 1 56 8 1 F 0 0 1 377 
19 45774 3 1 57 2 1 F 0 0 1 345 
19 45774 3 1 58 8 2 F 0 1 0 431 
19 45774 3 1 59 8 1 F 0 0 1 448 
19 45774 3 1 60 5 1 F 0 0 1 621 
19 45774 2 2 1 8 1 F 0 0 1 548 
19 45774 2 2 2 5 1 F 0 0 1 390 
19 45774 2 2 3 8 2 F 0 1 0 617 
19 45774 2 2 4 2 1 F 0 0 1 445 
19 45774 2 2 5 8 2 F 0 1 0 425 
19 45774 2 2 6 8 2 F 0 1 0 454 
19 45774 2 2 7 2 2 J 1 1 1 536 
19 45774 2 2 8 2 1 F 0 0 1 456 
19 45774 2 2 9 5 2 F 0 1 0 540 
19 45774 2 2 10 5 2 F 0 1 0 667 
19 45774 2 2 11 2 2 J 1 1 1 568 
19 45774 2 2 12 5 1 F 0 0 1 637 
19 45774 2 2 13 2 2 J 1 1 1 672 
19 45774 2 2 14 2 1 F 0 0 1 521 
19 45774 2 2 15 2 1 F 0 0 1 558 
19 45774 2 2 16 5 2 J 1 1 1 723 
19 45774 2 2 17 8 1 F 0 0 1 473 
19 45774 2 2 18 2 2 J 1 1 1 537 
19 45774 2 2 19 8 2 J 1 1 1 721 
19 45774 2 2 20 2 1 F 0 0 1 632 
19 45774 2 2 21 2 2 J 1 1 1 486 
19 45774 2 2 22 8 1 F 0 0 1 560 
19 45774 2 2 23 2 2 J 1 1 1 590 
19 45774 2 2 24 8 1 F 0 0 1 625 
19 45774 2 2 25 2 2 J 1 1 1 525 
19 45774 2 2 26 8 2 F 0 1 0 691 
19 45774 2 2 27 5 1 F 0 0 1 539 
19 45774 2 2 28 5 2 J 1 1 1 756 
19 45774 2 2 29 5 2 F 0 1 0 571 
19 45774 2 2 30 5 2 J 1 1 1 620 
19 45774 2 2 31 2 1 F 0 0 1 527 
19 45774 2 2 32 2 1 F 0 0 1 480 
19 45774 2 2 33 8 1 F 0 0 1 505 
19 45774 2 2 34 5 2 J 1 1 1 836 
19 45774 2 2 35 5 2 F 0 1 0 508 
19 45774 2 2 36 2 2 J 1 1 1 567 
19 45774 2 2 37 5 1 F 0 0 1 652 
19 45774 2 2 38 5 1 F 0 0 1 788 
19 45774 2 2 39 8 2 F 0 1 0 545 
19 45774 2 2 40 8 1 F 0 0 1 471 
19 45774 2 2 41 2 1 F 0 0 1 488 
19 45774 2 2 42 8 1 F 0 0 1 489 
19 45774 2 2 43 8 1 F 0 0 1 522 
19 45774 2 2 44 8 2 J 1 1 1 796 
19 45774 2 2 45 8 1 F 0 0 1 588 
19 45774 2 2 46 5 1 F 0 0 1 546 
19 45774 2 2 47 2 2 J 1 1 1 521 
19 45774 2 2 48 8 2 F 0 1 0 490 
19 45774 2 2 49 5 2 J 1 1 1 565 
19 45774 2 2 50 5 1 F 0 0 1 685 
19 45774 2 2 51 8 2 F 0 1 0 713 
19 45774 2 2 52 2 1 F 0 0 1 616 
19 45774 2 2 53 2 1 F 0 0 1 486 
19 45774 2 2 54 5 1 F 0 0 1 475 
19 45774 2 2 55 2 2 F 0 1 0 528 
19 45774 2 2 56 8 1 F 0 0 1 578 
19 45774 2 2 57 8 2 F 0 1 0 514 
19 45774 2 2 58 5 1 F 0 0 1 462 
19 45774 2 2 59 5 2 J 1 1 1 717 
19 45774 2 2 60 5 1 F 0 0 1 627 
19 45774 1 3 1 5 2 J 1 1 1 618 
19 45774 1 3 2 8 2 F 0 1 0 634 
19 45774 1 3 3 8 2 J 1 1 1 467 
19 45774 1 3 4 8 2 F 0 1 0 582 
19 45774 1 3 5 8 2 F 0 1 0 713 
19 45774 1 3 6 2 1 F 0 0 1 617 
19 45774 1 3 7 2 1 F 0 0 1 612 
19 45774 1 3 8 2 2 J 1 1 1 592 
19 45774 1 3 9 5 2 J 1 1 1 843 
19 45774 1 3 10 5 2 F 0 1 0 618 
19 45774 1 3 11 2 2 F 0 1 0 1679 
19 45774 1 3 12 2 1 F 0 0 1 630 
19 45774 1 3 13 8 2 J 1 1 1 904 
19 45774 1 3 14 2 2 J 1 1 1 4256 
19 45774 1 3 15 5 2 J 1 1 1 402 
19 45774 1 3 16 5 2 J 1 1 1 490 
19 45774 1 3 17 8 2 J 1 1 1 1138 
19 45774 1 3 18 2 2 J 1 1 1 529 
19 45774 1 3 19 5 1 J 1 0 0 4 
19 45774 1 3 20 2 1 J 1 0 0 646 
19 45774 1 3 21 2 1 J 1 0 0 310 
19 45774 1 3 22 5 2 J 1 1 1 700 
19 45774 1 3 23 8 2 F 0 1 0 681 
19 45774 1 3 24 8 2 F 0 1 0 713 
19 45774 1 3 25 2 2 J 1 1 1 472 
19 45774 1 3 26 8 1 F 0 0 1 586 
19 45774 1 3 27 8 1 F 0 0 1 784 
19 45774 1 3 28 2 2 J 1 1 1 408 
19 45774 1 3 29 8 1 F 0 0 1 561 
19 45774 1 3 30 8 1 F 0 0 1 651 
19 45774 1 3 31 5 1 F 0 0 1 598 
19 45774 1 3 32 8 2 F 0 1 0 638 
19 45774 1 3 33 8 2 F 0 1 0 612 
19 45774 1 3 34 2 2 J 1 1 1 338 
19 45774 1 3 35 5 1 F 0 0 1 686 
19 45774 1 3 36 5 2 J 1 1 1 470 
19 45774 1 3 37 8 2 J 1 1 1 691 
19 45774 1 3 38 5 1 F 0 0 1 541 
19 45774 1 3 39 2 2 J 1 1 1 374 
19 45774 1 3 40 5 2 J 1 1 1 462 
19 45774 1 3 41 8 2 J 1 1 1 626 
19 45774 1 3 42 2 2 J 1 1 1 576 
19 45774 1 3 43 8 2 F 0 1 0 691 
19 45774 1 3 44 5 2 J 1 1 1 533 
19 45774 1 3 45 2 1 F 0 0 1 632 
19 45774 1 3 46 2 2 J 1 1 1 400 
19 45774 1 3 47 8 2 J 1 1 1 670 
19 45774 1 3 48 2 2 J 1 1 1 384 
19 45774 1 3 49 5 2 F 0 1 0 557 
19 45774 1 3 50 5 1 F 0 0 1 741 
19 45774 1 3 51 2 2 J 1 1 1 462 
19 45774 1 3 52 5 2 J 1 1 1 659 
19 45774 1 3 53 5 2 J 1 1 1 654 
19 45774 1 3 54 5 2 J 1 1 1 613 
19 45774 1 3 55 8 1 J 1 0 0 442 
19 45774 1 3 56 5 1 J 1 0 0 423 
19 45774 1 3 57 2 2 J 1 1 1 453 
19 45774 1 3 58 8 1 J 1 0 0 450 
19 45774 1 3 59 2 2 J 1 1 1 409 
19 45774 1 3 60 5 2 J 1 1 1 550 
19 45774 4 4 1 8 2 J 1 1 1 840 
19 45774 4 4 2 8 1 F 0 0 1 464 
19 45774 4 4 3 8 2 F 0 1 0 731 
19 45774 4 4 4 5 1 F 0 0 1 542 
19 45774 4 4 5 8 1 F 0 0 1 463 
19 45774 4 4 6 2 1 F 0 0 1 521 
19 45774 4 4 7 2 2 J 1 1 1 536 
19 45774 4 4 8 2 1 F 0 0 1 622 
19 45774 4 4 9 2 1 F 0 0 1 423 
19 45774 4 4 10 2 1 F 0 0 1 376 
19 45774 4 4 11 5 1 F 0 0 1 418 
19 45774 4 4 12 8 1 F 0 0 1 466 
19 45774 4 4 13 5 2 F 0 1 0 478 
19 45774 4 4 14 5 1 F 0 0 1 426 
19 45774 4 4 15 8 1 F 0 0 1 570 
19 45774 4 4 16 5 1 F 0 0 1 415 
19 45774 4 4 17 8 1 F 0 0 1 416 
19 45774 4 4 18 5 1 F 0 0 1 339 
19 45774 4 4 19 2 1 F 0 0 1 433 
19 45774 4 4 20 2 1 F 0 0 1 479 
19 45774 4 4 21 5 1 F 0 0 1 428 
19 45774 4 4 22 8 1 F 0 0 1 473 
19 45774 4 4 23 8 1 F 0 0 1 425 
19 45774 4 4 24 8 1 F 0 0 1 402 
19 45774 4 4 25 2 1 F 0 0 1 407 
19 45774 4 4 26 8 1 F 0 0 1 777 
19 45774 4 4 27 8 1 F 0 0 1 467 
19 45774 4 4 28 8 1 F 0 0 1 377 
19 45774 4 4 29 5 1 F 0 0 1 405 
19 45774 4 4 30 2 1 F 0 0 1 360 
19 45774 4 4 31 2 2 J 1 1 1 528 
19 45774 4 4 32 2 1 F 0 0 1 478 
19 45774 4 4 33 2 1 F 0 0 1 441 
19 45774 4 4 34 5 1 F 0 0 1 428 
19 45774 4 4 35 8 1 F 0 0 1 663 
19 45774 4 4 36 5 1 F 0 0 1 582 
19 45774 4 4 37 8 2 F 0 1 0 410 
19 45774 4 4 38 5 1 F 0 0 1 508 
19 45774 4 4 39 5 1 F 0 0 1 598 
19 45774 4 4 40 2 1 F 0 0 1 457 
19 45774 4 4 41 5 1 F 0 0 1 625 
19 45774 4 4 42 8 1 F 0 0 1 744 
19 45774 4 4 43 5 1 F 0 0 1 406 
19 45774 4 4 44 8 1 F 0 0 1 448 
19 45774 4 4 45 5 1 F 0 0 1 374 
19 45774 4 4 46 5 1 F 0 0 1 341 
19 45774 4 4 47 2 1 F 0 0 1 438 
19 45774 4 4 48 2 1 F 0 0 1 376 
19 45774 4 4 49 5 1 F 0 0 1 434 
19 45774 4 4 50 8 1 F 0 0 1 334 
19 45774 4 4 51 8 1 F 0 0 1 361 
19 45774 4 4 52 2 1 F 0 0 1 337 
19 45774 4 4 53 2 1 F 0 0 1 423 
19 45774 4 4 54 5 1 F 0 0 1 482 
19 45774 4 4 55 2 2 J 1 1 1 593 
19 45774 4 4 56 2 1 F 0 0 1 527 
19 45774 4 4 57 8 1 F 0 0 1 385 
19 45774 4 4 58 2 1 F 0 0 1 495 
19 45774 4 4 59 5 2 F 0 1 0 433 
19 45774 4 4 60 5 2 F 0 1 0 482 
19 45774 0 5 1 5 2 J 1 1 1 386 
19 45774 0 5 2 5 2 J 1 1 1 323 
19 45774 0 5 3 5 2 J 1 1 1 460 
19 45774 0 5 4 8 2 J 1 1 1 352 
19 45774 0 5 5 8 2 J 1 1 1 370 
19 45774 0 5 6 8 2 J 1 1 1 403 
19 45774 0 5 7 5 2 J 1 1 1 403 
19 45774 0 5 8 2 2 J 1 1 1 645 
19 45774 0 5 9 2 2 J 1 1 1 336 
19 45774 0 5 10 8 1 J 1 0 0 351 
19 45774 0 5 11 8 2 J 1 1 1 466 
19 45774 0 5 12 8 2 J 1 1 1 427 
19 45774 0 5 13 2 2 J 1 1 1 447 
19 45774 0 5 14 2 2 J 1 1 1 334 
19 45774 0 5 15 5 2 J 1 1 1 372 
19 45774 0 5 16 5 2 J 1 1 1 402 
19 45774 0 5 17 2 2 J 1 1 1 401 
19 45774 0 5 18 2 2 J 1 1 1 352 
19 45774 0 5 19 8 2 J 1 1 1 471 
19 45774 0 5 20 5 2 J 1 1 1 438 
19 45774 0 5 21 2 2 J 1 1 1 368 
19 45774 0 5 22 8 2 J 1 1 1 408 
19 45774 0 5 23 2 2 J 1 1 1 329 
19 45774 0 5 24 8 1 J 1 0 0 513 
19 45774 0 5 25 5 2 J 1 1 1 372 
19 45774 0 5 26 2 2 J 1 1 1 336 
19 45774 0 5 27 8 2 J 1 1 1 681 
19 45774 0 5 28 5 2 J 1 1 1 341 
19 45774 0 5 29 8 2 J 1 1 1 555 
19 45774 0 5 30 8 2 J 1 1 1 396 
19 45774 0 5 31 2 2 J 1 1 1 344 
19 45774 0 5 32 2 2 J 1 1 1 296 
19 45774 0 5 33 8 1 J 1 0 0 343 
19 45774 0 5 34 5 1 J 1 0 0 396 
19 45774 0 5 35 5 2 J 1 1 1 413 
19 45774 0 5 36 5 2 J 1 1 1 404 
19 45774 0 5 37 2 2 J 1 1 1 448 
19 45774 0 5 38 5 1 F 0 0 1 629 
19 45774 0 5 39 2 2 J 1 1 1 400 
19 45774 0 5 40 2 2 J 1 1 1 374 
19 45774 0 5 41 5 1 J 1 0 0 585 
19 45774 0 5 42 5 2 J 1 1 1 685 
19 45774 0 5 43 8 2 J 1 1 1 771 
19 45774 0 5 44 8 2 J 1 1 1 857 
19 45774 0 5 45 2 1 F 0 0 1 569 
19 45774 0 5 46 2 1 F 0 0 1 733 
19 45774 0 5 47 5 2 J 1 1 1 380 
19 45774 0 5 48 8 2 J 1 1 1 367 
19 45774 0 5 49 2 2 J 1 1 1 421 
19 45774 0 5 50 2 2 J 1 1 1 345 
19 45774 0 5 51 8 2 J 1 1 1 481 
19 45774 0 5 52 8 2 J 1 1 1 888 
19 45774 0 5 53 2 1 F 0 0 1 710 
19 45774 0 5 54 5 2 J 1 1 1 643 
19 45774 0 5 55 2 2 J 1 1 1 389 
19 45774 0 5 56 5 2 J 1 1 1 589 
19 45774 0 5 57 8 2 J 1 1 1 399 
19 45774 0 5 58 5 2 J 1 1 1 429 
19 45774 0 5 59 8 2 J 1 1 1 514 
19 45774 0 5 60 5 2 J 1 1 1 563 
19 45774 4 6 1 2 1 F 0 0 1 1636 
19 45774 4 6 2 2 1 F 0 0 1 464 
19 45774 4 6 3 5 1 F 0 0 1 381 
19 45774 4 6 4 2 1 F 0 0 1 439 
19 45774 4 6 5 2 1 F 0 0 1 369 
19 45774 4 6 6 5 2 F 0 1 0 347 
19 45774 4 6 7 2 1 F 0 0 1 324 
19 45774 4 6 8 5 1 F 0 0 1 364 
19 45774 4 6 9 5 1 F 0 0 1 399 
19 45774 4 6 10 8 2 F 0 1 0 383 
19 45774 4 6 11 5 1 F 0 0 1 389 
19 45774 4 6 12 5 2 F 0 1 0 597 
19 45774 4 6 13 5 1 F 0 0 1 450 
19 45774 4 6 14 2 2 F 0 1 0 448 
19 45774 4 6 15 2 1 F 0 0 1 463 
19 45774 4 6 16 2 1 F 0 0 1 374 
19 45774 4 6 17 8 2 J 1 1 1 607 
19 45774 4 6 18 2 2 F 0 1 0 375 
19 45774 4 6 19 8 1 F 0 0 1 1130 
19 45774 4 6 20 8 1 F 0 0 1 554 
19 45774 4 6 21 5 2 F 0 1 0 365 
19 45774 4 6 22 8 1 F 0 0 1 569 
19 45774 4 6 23 8 1 F 0 0 1 386 
19 45774 4 6 24 8 1 F 0 0 1 707 
19 45774 4 6 25 5 1 F 0 0 1 466 
19 45774 4 6 26 2 1 F 0 0 1 376 
19 45774 4 6 27 2 1 F 0 0 1 335 
19 45774 4 6 28 8 1 F 0 0 1 936 
19 45774 4 6 29 5 1 F 0 0 1 333 
19 45774 4 6 30 5 1 F 0 0 1 366 
19 45774 4 6 31 2 1 F 0 0 1 327 
19 45774 4 6 32 8 1 F 0 0 1 431 
19 45774 4 6 33 5 1 F 0 0 1 268 
19 45774 4 6 34 8 2 F 0 1 0 651 
19 45774 4 6 35 5 1 F 0 0 1 500 
19 45774 4 6 36 2 1 F 0 0 1 350 
19 45774 4 6 37 2 1 F 0 0 1 344 
19 45774 4 6 38 8 1 F 0 0 1 416 
19 45774 4 6 39 5 1 F 0 0 1 428 
19 45774 4 6 40 8 1 F 0 0 1 459 
19 45774 4 6 41 8 1 F 0 0 1 425 
19 45774 4 6 42 2 1 F 0 0 1 472 
19 45774 4 6 43 2 1 F 0 0 1 534 
19 45774 4 6 44 2 1 F 0 0 1 423 
19 45774 4 6 45 2 1 F 0 0 1 302 
19 45774 4 6 46 5 1 F 0 0 1 420 
19 45774 4 6 47 8 1 F 0 0 1 499 
19 45774 4 6 48 5 1 F 0 0 1 534 
19 45774 4 6 49 8 1 F 0 0 1 349 
19 45774 4 6 50 8 1 F 0 0 1 721 
19 45774 4 6 51 5 1 F 0 0 1 428 
19 45774 4 6 52 2 2 J 1 1 1 613 
19 45774 4 6 53 2 1 F 0 0 1 369 
19 45774 4 6 54 5 1 F 0 0 1 507 
19 45774 4 6 55 8 1 F 0 0 1 543 
19 45774 4 6 56 8 1 F 0 0 1 419 
19 45774 4 6 57 5 1 F 0 0 1 420 
19 45774 4 6 58 8 1 F 0 0 1 432 
19 45774 4 6 59 8 1 F 0 0 1 474 
19 45774 4 6 60 5 1 F 0 0 1 406 
19 45774 3 7 1 5 1 F 0 0 1 403 
19 45774 3 7 2 8 2 F 0 1 0 809 
19 45774 3 7 3 8 1 F 0 0 1 469 
19 45774 3 7 4 5 1 F 0 0 1 435 
19 45774 3 7 5 5 1 F 0 0 1 1372 
19 45774 3 7 6 8 1 F 0 0 1 1547 
19 45774 3 7 7 5 1 F 0 0 1 610 
19 45774 3 7 8 5 2 F 0 1 0 389 
19 45774 3 7 9 2 2 F 0 1 0 496 
19 45774 3 7 10 8 2 F 0 1 0 174 
19 45774 3 7 11 2 1 F 0 0 1 104 
19 45774 3 7 12 8 1 F 0 0 1 852 
19 45774 3 7 13 8 1 F 0 0 1 989 
19 45774 3 7 14 5 2 F 0 1 0 430 
19 45774 3 7 15 8 1 F 0 0 1 513 
19 45774 3 7 16 5 1 F 0 0 1 156 
19 45774 3 7 17 2 1 F 0 0 1 31 
19 45774 3 7 18 8 2 F 0 1 0 492 
19 45774 3 7 19 2 2 F 0 1 0 2055 
19 45774 3 7 20 8 1 F 0 0 1 1 
19 45774 3 7 21 5 2 F 0 1 0 669 
19 45774 3 7 22 8 1 F 0 0 1 433 
19 45774 3 7 23 2 1 F 0 0 1 480 
19 45774 3 7 24 8 1 F 0 0 1 362 
19 45774 3 7 25 8 1 F 0 0 1 386 
19 45774 3 7 26 2 2 J 1 1 1 639 
19 45774 3 7 27 5 2 F 0 1 0 397 
19 45774 3 7 28 5 1 F 0 0 1 412 
19 45774 3 7 29 2 1 F 0 0 1 504 
19 45774 3 7 30 8 1 F 0 0 1 607 
19 45774 3 7 31 2 1 F 0 0 1 464 
19 45774 3 7 32 5 1 F 0 0 1 419 
19 45774 3 7 33 2 1 F 0 0 1 422 
19 45774 3 7 34 5 1 F 0 0 1 580 
19 45774 3 7 35 2 1 F 0 0 1 360 
19 45774 3 7 36 2 1 F 0 0 1 391 
19 45774 3 7 37 2 2 J 1 1 1 918 
19 45774 3 7 38 2 1 F 0 0 1 455 
19 45774 3 7 39 5 1 F 0 0 1 427 
19 45774 3 7 40 5 1 F 0 0 1 416 
19 45774 3 7 41 8 1 F 0 0 1 472 
19 45774 3 7 42 2 1 F 0 0 1 472 
19 45774 3 7 43 2 2 J 1 1 1 581 
19 45774 3 7 44 5 2 F 0 1 0 485 
19 45774 3 7 45 2 1 F 0 0 1 583 
19 45774 3 7 46 8 2 F 0 1 0 672 
19 45774 3 7 47 8 1 F 0 0 1 414 
19 45774 3 7 48 5 1 F 0 0 1 404 
19 45774 3 7 49 2 2 F 0 1 0 426 
19 45774 3 7 50 5 2 J 1 1 1 715 
19 45774 3 7 51 2 1 F 0 0 1 398 
19 45774 3 7 52 8 1 F 0 0 1 487 
19 45774 3 7 53 8 2 F 0 1 0 506 
19 45774 3 7 54 5 1 F 0 0 1 685 
19 45774 3 7 55 8 2 J 1 1 1 816 
19 45774 3 7 56 2 1 F 0 0 1 465 
19 45774 3 7 57 5 1 F 0 0 1 572 
19 45774 3 7 58 2 1 F 0 0 1 543 
19 45774 3 7 59 8 1 F 0 0 1 456 
19 45774 3 7 60 5 1 F 0 0 1 429 
19 45774 2 8 1 8 2 F 0 1 0 718 
19 45774 2 8 2 2 2 J 1 1 1 672 
19 45774 2 8 3 2 1 F 0 0 1 574 
19 45774 2 8 4 8 2 F 0 1 0 1214 
19 45774 2 8 5 2 2 J 1 1 1 681 
19 45774 2 8 6 5 1 F 0 0 1 444 
19 45774 2 8 7 8 2 F 0 1 0 640 
19 45774 2 8 8 5 2 J 1 1 1 836 
19 45774 2 8 9 2 1 F 0 0 1 537 
19 45774 2 8 10 5 1 F 0 0 1 490 
19 45774 2 8 11 2 1 F 0 0 1 399 
19 45774 2 8 12 2 2 J 1 1 1 496 
19 45774 2 8 13 5 1 F 0 0 1 404 
19 45774 2 8 14 5 1 F 0 0 1 418 
19 45774 2 8 15 5 2 F 0 1 0 390 
19 45774 2 8 16 5 2 F 0 1 0 348 
19 45774 2 8 17 5 1 F 0 0 1 430 
19 45774 2 8 18 2 1 F 0 0 1 504 
19 45774 2 8 19 8 1 F 0 0 1 409 
19 45774 2 8 20 5 2 F 0 1 0 397 
19 45774 2 8 21 5 2 J 1 1 1 716 
19 45774 2 8 22 2 1 F 0 0 1 431 
19 45774 2 8 23 8 2 F 0 1 0 512 
19 45774 2 8 24 2 2 J 1 1 1 592 
19 45774 2 8 25 5 2 J 1 1 1 834 
19 45774 2 8 26 8 2 F 0 1 0 697 
19 45774 2 8 27 2 2 J 1 1 1 552 
19 45774 2 8 28 8 2 F 0 1 0 537 
19 45774 2 8 29 8 1 F 0 0 1 473 
19 45774 2 8 30 2 2 J 1 1 1 577 
19 45774 2 8 31 8 2 J 1 1 1 784 
19 45774 2 8 32 5 2 F 0 1 0 628 
19 45774 2 8 33 5 1 F 0 0 1 637 
19 45774 2 8 34 5 1 F 0 0 1 669 
19 45774 2 8 35 2 1 F 0 0 1 511 
19 45774 2 8 36 5 1 F 0 0 1 603 
19 45774 2 8 37 8 2 F 0 1 0 619 
19 45774 2 8 38 5 2 J 1 1 1 907 
19 45774 2 8 39 2 1 F 0 0 1 517 
19 45774 2 8 40 8 1 F 0 0 1 1072 
19 45774 2 8 41 8 1 F 0 0 1 530 
19 45774 2 8 42 2 1 F 0 0 1 597 
19 45774 2 8 43 2 2 F 0 1 0 696 
19 45774 2 8 44 8 1 F 0 0 1 433 
19 45774 2 8 45 8 1 F 0 0 1 504 
19 45774 2 8 46 2 2 J 1 1 1 625 
19 45774 2 8 47 8 2 F 0 1 0 610 
19 45774 2 8 48 5 1 J 1 0 0 796 
19 45774 2 8 49 8 1 F 0 0 1 526 
19 45774 2 8 50 8 1 F 0 0 1 865 
19 45774 2 8 51 8 1 F 0 0 1 433 
19 45774 2 8 52 2 2 J 1 1 1 631 
19 45774 2 8 53 2 2 J 1 1 1 598 
19 45774 2 8 54 5 1 F 0 0 1 545 
19 45774 2 8 55 2 1 F 0 0 1 496 
19 45774 2 8 56 8 2 F 0 1 0 682 
19 45774 2 8 57 8 1 F 0 0 1 613 
19 45774 2 8 58 5 2 F 0 1 0 470 
19 45774 2 8 59 5 2 F 0 1 0 563 
19 45774 2 8 60 2 1 F 0 0 1 551 
19 45774 0 9 1 5 2 J 1 1 1 429 
19 45774 0 9 2 8 1 J 1 0 0 503 
19 45774 0 9 3 8 2 J 1 1 1 676 
19 45774 0 9 4 8 2 J 1 1 1 282 
19 45774 0 9 5 2 2 J 1 1 1 350 
19 45774 0 9 6 2 2 J 1 1 1 361 
19 45774 0 9 7 2 1 J 1 0 0 423 
19 45774 0 9 8 5 2 J 1 1 1 371 
19 45774 0 9 9 5 2 J 1 1 1 476 
19 45774 0 9 10 2 2 J 1 1 1 537 
19 45774 0 9 11 8 2 J 1 1 1 519 
19 45774 0 9 12 5 2 J 1 1 1 429 
19 45774 0 9 13 5 1 J 1 0 0 484 
19 45774 0 9 14 8 2 F 0 1 0 800 
19 45774 0 9 15 5 2 J 1 1 1 1094 
19 45774 0 9 16 8 2 F 0 1 0 578 
19 45774 0 9 17 8 2 F 0 1 0 704 
19 45774 0 9 18 2 2 J 1 1 1 672 
19 45774 0 9 19 2 2 F 0 1 0 576 
19 45774 0 9 20 2 2 J 1 1 1 454 
19 45774 0 9 21 2 2 J 1 1 1 537 
19 45774 0 9 22 5 1 J 1 0 0 588 
19 45774 0 9 23 5 2 J 1 1 1 340 
19 45774 0 9 24 2 2 J 1 1 1 456 
19 45774 0 9 25 5 2 J 1 1 1 379 
19 45774 0 9 26 8 2 J 1 1 1 327 
19 45774 0 9 27 2 2 J 1 1 1 521 
19 45774 0 9 28 8 2 J 1 1 1 594 
19 45774 0 9 29 5 2 J 1 1 1 436 
19 45774 0 9 30 2 2 J 1 1 1 528 
19 45774 0 9 31 2 2 J 1 1 1 337 
19 45774 0 9 32 8 2 J 1 1 1 495 
19 45774 0 9 33 5 2 J 1 1 1 364 
19 45774 0 9 34 5 2 J 1 1 1 373 
19 45774 0 9 35 2 1 J 1 0 0 400 
19 45774 0 9 36 2 1 F 0 0 1 951 
19 45774 0 9 37 5 2 J 1 1 1 790 
19 45774 0 9 38 8 2 J 1 1 1 695 
19 45774 0 9 39 5 2 J 1 1 1 599 
19 45774 0 9 40 8 2 J 1 1 1 473 
19 45774 0 9 41 5 2 J 1 1 1 394 
19 45774 0 9 42 8 1 J 1 0 0 3316 
19 45774 0 9 43 8 2 J 1 1 1 319 
19 45774 0 9 44 5 2 J 1 1 1 415 
19 45774 0 9 45 2 2 J 1 1 1 344 
19 45774 0 9 46 8 1 J 1 0 0 519 
19 45774 0 9 47 8 2 J 1 1 1 475 
19 45774 0 9 48 8 2 J 1 1 1 427 
19 45774 0 9 49 2 2 F 0 1 0 5958 
19 45774 0 9 50 2 2 J 1 1 1 345 
19 45774 0 9 51 2 2 J 1 1 1 341 
19 45774 0 9 52 2 2 J 1 1 1 319 
19 45774 0 9 53 8 2 J 1 1 1 325 
19 45774 0 9 54 5 2 J 1 1 1 453 
19 45774 0 9 55 5 2 J 1 1 1 2206 
19 45774 0 9 56 8 2 J 1 1 1 646 
19 45774 0 9 57 8 2 J 1 1 1 633 
19 45774 0 9 58 2 2 J 1 1 1 169 
19 45774 0 9 59 5 1 J 1 0 0 675 
19 45774 0 9 60 5 2 J 1 1 1 429 
19 45774 1 10 1 2 2 J 1 1 1 715 
19 45774 1 10 2 8 2 J 1 1 1 1117 
19 45774 1 10 3 5 2 J 1 1 1 903 
19 45774 1 10 4 5 1 J 1 0 0 706 
19 45774 1 10 5 8 2 J 1 1 1 144 
19 45774 1 10 6 2 1 J 1 0 0 442 
19 45774 1 10 7 8 2 J 1 1 1 217 
19 45774 1 10 8 5 2 J 1 1 1 253 
19 45774 1 10 9 5 1 J 1 0 0 1035 
19 45774 1 10 10 8 2 J 1 1 1 1137 
19 45774 1 10 11 5 1 J 1 0 0 116 
19 45774 1 10 12 5 2 J 1 1 1 421 
19 45774 1 10 13 2 2 J 1 1 1 255 
19 45774 1 10 14 8 2 J 1 1 1 33 
19 45774 1 10 15 8 2 J 1 1 1 59 
19 45774 1 10 16 2 1 J 1 0 0 89 
19 45774 1 10 17 2 1 J 1 0 0 305 
19 45774 1 10 18 2 2 J 1 1 1 336 
19 45774 1 10 19 5 2 J 1 1 1 285 
19 45774 1 10 20 5 2 J 1 1 1 165 
19 45774 1 10 21 2 1 J 1 0 0 263 
19 45774 1 10 22 2 1 J 1 0 0 536 
19 45774 1 10 23 2 2 J 1 1 1 439 
19 45774 1 10 24 5 1 F 0 0 1 403 
19 45774 1 10 25 5 2 J 1 1 1 614 
19 45774 1 10 26 2 1 J 1 0 0 495 
19 45774 1 10 27 5 2 J 1 1 1 125 
19 45774 1 10 28 8 1 J 1 0 0 998 
19 45774 1 10 29 2 2 J 1 1 1 904 
19 45774 1 10 30 5 2 J 1 1 1 654 
19 45774 1 10 31 2 2 J 1 1 1 1437 
19 45774 1 10 32 2 2 J 1 1 1 472 
19 45774 1 10 33 5 2 J 1 1 1 602 
19 45774 1 10 34 5 2 J 1 1 1 211 
19 45774 1 10 35 8 2 J 1 1 1 1513 
19 45774 1 10 36 8 1 J 1 0 0 1698 
19 45774 1 10 37 2 2 J 1 1 1 497 
19 45774 1 10 38 8 2 J 1 1 1 1026 
19 45774 1 10 39 5 1 J 1 0 0 644 
19 45774 1 10 40 2 2 J 1 1 1 927 
19 45774 1 10 41 2 2 J 1 1 1 248 
19 45774 1 10 42 5 2 J 1 1 1 493 
19 45774 1 10 43 8 2 J 1 1 1 1345 
19 45774 1 10 44 8 1 J 1 0 0 371 
19 45774 1 10 45 5 2 J 1 1 1 323 
19 45774 1 10 46 8 2 J 1 1 1 801 
19 45774 1 10 47 5 1 J 1 0 0 165 
19 45774 1 10 48 2 2 J 1 1 1 551 
19 45774 1 10 49 8 1 J 1 0 0 680 
19 45774 1 10 50 2 2 J 1 1 1 56 
19 45774 1 10 51 5 2 J 1 1 1 677 
19 45774 1 10 52 5 2 J 1 1 1 452 
19 45774 1 10 53 8 2 J 1 1 1 424 
19 45774 1 10 54 8 2 J 1 1 1 473 
19 45774 1 10 55 8 2 J 1 1 1 644 
19 45774 1 10 56 8 2 J 1 1 1 483 
19 45774 1 10 57 8 1 J 1 0 0 475 
19 45774 1 10 58 2 2 F 0 1 0 422 
19 45774 1 10 59 2 2 J 1 1 1 647 
19 45774 1 10 60 8 1 F 0 0 1 1008 
